
================================================================================
       Inexact Proximal Gradient Type Method   (version:0.1 (2021-09-17))  
================================================================================
Problem Summary: Excuted at 2021-10-1 21:41
Dataset:.............................................a9a
Data Size:......................................n=32561, p=123
Loss Function:..................................Logistic
Regularizer:....................................Overlapping Group L1
Penalty Parameter:..............................lambda=0.0135
Number of groups:..............................14

Algorithm Parameters:
Termination Conditions: accuracy: 1e-06 | optim scaled: False | time limits:3600.0 | iteration limits:100000
Inexact Strategy: yd: gamma:1.000e-01
Lineserch Parameters: eta:1e-05 | xi:0.5 | beta:1.1
Proximal Stepsize update: heuristic
****************************************************************************************************
 Iters.   Obj.    alphak   |  aoptim   its.   Flag  Stepsize  baks    Gap       tarGap    #pz  #pnz | baks    stepsize  |dtaken| |
     0 6.931e-01 1.000e+00 | 5.533e-01    1 desired 1.000e+00    0 +4.090e-04 +6.497e-02    4    10 |    0   1.000e+00 5.533e-01 |
     1 5.884e-01 1.100e+00 | 2.142e-01    1 desired 1.000e+00    0 +1.520e-03 +1.094e-02    4    10 |    0   1.000e+00 2.142e-01 |
     2 5.601e-01 1.210e+00 | 1.333e-01    1 desired 1.000e+00    0 +2.747e-03 +4.693e-03    4    10 |    0   1.000e+00 1.333e-01 |
     3 5.503e-01 1.331e+00 | 1.013e-01    2 desired 5.500e-01    1 +2.300e-04 +2.964e-03    5     9 |    0   1.000e+00 1.013e-01 |
     4 5.425e-01 1.464e+00 | 9.003e-02    1 desired 5.500e-01    0 +6.121e-05 +2.537e-03    5     9 |    0   1.000e+00 9.003e-02 |
     5 5.373e-01 1.611e+00 | 8.455e-02    1 desired 5.500e-01    0 +1.831e-05 +2.400e-03    6     8 |    0   1.000e+00 8.455e-02 |
     6 5.330e-01 1.772e+00 | 8.210e-02    1 desired 5.500e-01    0 +1.825e-05 +2.407e-03    6     8 |    0   1.000e+00 8.210e-02 |
     7 5.293e-01 1.949e+00 | 7.697e-02    1 desired 5.500e-01    0 +1.246e-05 +2.233e-03    8     6 |    0   1.000e+00 7.697e-02 |
     8 5.263e-01 2.144e+00 | 7.077e-02    1 desired 5.500e-01    0 +3.487e-05 +1.978e-03    8     6 |    0   1.000e+00 7.077e-02 |
     9 5.241e-01 2.358e+00 | 6.957e-02    1 desired 2.750e-01    1 +3.569e-06 +1.990e-03    8     6 |    0   1.000e+00 6.957e-02 |
    10 5.221e-01 2.594e+00 | 7.061e-02    1 desired 2.750e-01    0 +2.111e-06 +2.122e-03    8     6 |    0   1.000e+00 7.061e-02 |
    11 5.203e-01 2.853e+00 | 7.219e-02    1 desired 2.750e-01    0 +2.336e-06 +2.281e-03    8     6 |    0   1.000e+00 7.219e-02 |
    12 5.185e-01 3.138e+00 | 7.566e-02    1 desired 2.750e-01    0 +3.425e-06 +2.565e-03    8     6 |    0   1.000e+00 7.566e-02 |
    13 5.167e-01 3.452e+00 | 7.642e-02    1 desired 2.750e-01    0 +8.549e-06 +2.664e-03    9     5 |    0   1.000e+00 7.642e-02 |
    14 5.151e-01 3.797e+00 | 8.112e-02    1 desired 2.750e-01    0 +2.992e-05 +3.041e-03    9     5 |    0   1.000e+00 8.112e-02 |
    15 5.136e-01 4.177e+00 | 8.592e-02    1 desired 2.750e-01    0 +3.821e-04 +3.440e-03    9     5 |    0   1.000e+00 8.592e-02 |
    16 5.124e-01 4.595e+00 | 1.065e-01    1 desired 2.750e-01    0 +4.295e-03 +5.302e-03    9     5 |    1   5.000e-01 5.323e-02 |
    17 5.118e-01 3.676e+00 | 6.347e-02    1 desired 2.750e-01    0 +7.981e-04 +1.854e-03   11     3 |    0   1.000e+00 6.347e-02 |
    18 5.104e-01 4.044e+00 | 5.550e-02    1 desired 1.375e-01    1 +6.980e-05 +1.432e-03   11     3 |    0   1.000e+00 5.550e-02 |
    19 5.098e-01 4.448e+00 | 5.391e-02    1 desired 1.375e-01    0 +3.322e-05 +1.358e-03   11     3 |    0   1.000e+00 5.391e-02 |
    20 5.093e-01 4.893e+00 | 5.611e-02    1 desired 1.375e-01    0 +4.938e-05 +1.473e-03   11     3 |    0   1.000e+00 5.611e-02 |
    21 5.090e-01 5.382e+00 | 6.671e-02    1 desired 1.375e-01    0 +1.803e-04 +2.074e-03   11     3 |    0   1.000e+00 6.671e-02 |
    22 5.090e-01 5.920e+00 | 8.455e-02    1 desired 1.375e-01    0 +1.489e-04 +3.306e-03   12     2 |    1   5.000e-01 4.227e-02 |
    23 5.086e-01 4.736e+00 | 2.729e-02    1 desired 1.375e-01    0 +9.170e-05 +3.485e-04   12     2 |    0   1.000e+00 2.729e-02 |
    24 5.085e-01 5.210e+00 | 2.268e-02    1 desired 1.375e-01    0 +9.567e-06 +2.402e-04   12     2 |    0   1.000e+00 2.268e-02 |
    25 5.084e-01 5.731e+00 | 2.396e-02    1 desired 1.375e-01    0 +1.724e-05 +2.662e-04   12     2 |    0   1.000e+00 2.396e-02 |
    26 5.084e-01 6.304e+00 | 3.128e-02    1 desired 1.375e-01    0 +2.680e-05 +4.493e-04   12     2 |    1   5.000e-01 1.564e-02 |
    27 5.084e-01 5.043e+00 | 1.044e-02    1 desired 1.375e-01    0 +1.478e-05 +5.097e-05   12     2 |    0   1.000e+00 1.044e-02 |
    28 5.084e-01 5.547e+00 | 1.080e-02    1 desired 1.375e-01    0 +3.467e-06 +5.422e-05   12     2 |    0   1.000e+00 1.080e-02 |
    29 5.084e-01 6.102e+00 | 1.301e-02    1 desired 1.375e-01    0 +6.445e-06 +7.802e-05   12     2 |    1   5.000e-01 6.505e-03 |
    30 5.083e-01 4.882e+00 | 4.762e-03    1 desired 1.375e-01    0 +2.209e-06 +1.061e-05   12     2 |    0   1.000e+00 4.762e-03 |
    31 5.083e-01 5.370e+00 | 4.506e-03    1 desired 1.375e-01    0 +4.322e-07 +9.466e-06   12     2 |    0   1.000e+00 4.506e-03 |
    32 5.083e-01 5.907e+00 | 4.901e-03    1 desired 1.375e-01    0 +6.396e-07 +1.111e-05   12     2 |    0   1.000e+00 4.901e-03 |
    33 5.083e-01 6.498e+00 | 6.278e-03    1 desired 1.375e-01    0 +1.268e-06 +1.802e-05   12     2 |    1   5.000e-01 3.139e-03 |
    34 5.083e-01 5.198e+00 | 2.490e-03    1 desired 1.375e-01    0 +6.537e-07 +2.896e-06   12     2 |    0   1.000e+00 2.490e-03 |
    35 5.083e-01 5.718e+00 | 2.557e-03    1 desired 1.375e-01    0 +2.300e-07 +3.033e-06   12     2 |    0   1.000e+00 2.557e-03 |
    36 5.083e-01 6.290e+00 | 3.293e-03    1 desired 1.375e-01    0 +3.913e-07 +4.980e-06   12     2 |    1   5.000e-01 1.647e-03 |
    37 5.083e-01 5.032e+00 | 1.294e-03    1 desired 1.375e-01    0 +1.531e-07 +7.833e-07   12     2 |    0   1.000e+00 1.294e-03 |
    38 5.083e-01 5.535e+00 | 1.334e-03    1 desired 1.375e-01    0 +3.990e-08 +8.278e-07   12     2 |    0   1.000e+00 1.334e-03 |
    39 5.083e-01 6.088e+00 | 1.435e-03    1 desired 1.375e-01    0 +6.598e-08 +9.495e-07   12     2 |    0   1.000e+00 1.435e-03 |
 Iters.   Obj.    alphak   |  aoptim   its.   Flag  Stepsize  baks    Gap       tarGap    #pz  #pnz | baks    stepsize  |dtaken| |
    40 5.083e-01 6.697e+00 | 2.070e-03    1 desired 1.375e-01    0 +1.389e-07 +1.949e-06   12     2 |    1   5.000e-01 1.035e-03 |
    41 5.083e-01 5.358e+00 | 8.084e-04    1 desired 1.375e-01    0 +7.844e-08 +3.046e-07   12     2 |    0   1.000e+00 8.084e-04 |
    42 5.083e-01 5.894e+00 | 9.504e-04    1 desired 1.375e-01    0 +3.577e-08 +4.180e-07   12     2 |    0   1.000e+00 9.504e-04 |
    43 5.083e-01 6.483e+00 | 1.236e-03    1 desired 1.375e-01    0 +6.970e-08 +6.982e-07   12     2 |    1   5.000e-01 6.178e-04 |
    44 5.083e-01 5.186e+00 | 4.888e-04    1 desired 1.375e-01    0 +2.866e-08 +1.116e-07   12     2 |    0   1.000e+00 4.888e-04 |
    45 5.083e-01 5.705e+00 | 5.026e-04    1 desired 1.375e-01    0 +1.054e-08 +1.173e-07   12     2 |    0   1.000e+00 5.026e-04 |
    46 5.083e-01 6.275e+00 | 6.588e-04    1 desired 1.375e-01    0 +1.636e-08 +1.994e-07   12     2 |    0   1.000e+00 6.588e-04 |
    47 5.083e-01 6.903e+00 | 9.822e-04    1 desired 1.375e-01    0 +4.241e-08 +4.368e-07   12     2 |    1   5.000e-01 4.911e-04 |
    48 5.083e-01 5.522e+00 | 3.856e-04    1 desired 1.375e-01    0 +2.392e-08 +6.920e-08   12     2 |    0   1.000e+00 3.856e-04 |
    49 5.083e-01 6.075e+00 | 4.690e-04    1 desired 1.375e-01    0 +1.460e-08 +1.014e-07   12     2 |    1   5.000e-01 2.345e-04 |
    50 5.083e-01 4.860e+00 | 1.756e-04    1 desired 1.375e-01    0 +4.295e-09 +1.442e-08   12     2 |    0   1.000e+00 1.756e-04 |
    51 5.083e-01 5.346e+00 | 1.680e-04    1 desired 1.375e-01    0 +7.522e-10 +1.317e-08   12     2 |    0   1.000e+00 1.680e-04 |
    52 5.083e-01 5.880e+00 | 1.890e-04    1 desired 1.375e-01    0 +9.823e-10 +1.653e-08   12     2 |    0   1.000e+00 1.890e-04 |
    53 5.083e-01 6.468e+00 | 2.249e-04    1 desired 1.375e-01    0 +1.653e-09 +2.314e-08   12     2 |    0   1.000e+00 2.249e-04 |
    54 5.083e-01 7.115e+00 | 3.770e-04    1 desired 1.375e-01    0 +5.455e-09 +6.400e-08   12     2 |    1   5.000e-01 1.885e-04 |
    55 5.083e-01 5.692e+00 | 1.488e-04    1 desired 1.375e-01    0 +3.499e-09 +1.028e-08   12     2 |    0   1.000e+00 1.488e-04 |
    56 5.083e-01 6.261e+00 | 2.083e-04    1 desired 1.375e-01    0 +2.678e-09 +1.993e-08   12     2 |    1   5.000e-01 1.041e-04 |
    57 5.083e-01 5.009e+00 | 7.075e-05    1 desired 1.375e-01    0 +8.921e-10 +2.340e-09   12     2 |    0   1.000e+00 7.075e-05 |
    58 5.083e-01 5.510e+00 | 7.729e-05    1 desired 1.375e-01    0 +2.171e-10 +2.780e-09   12     2 |    0   1.000e+00 7.729e-05 |
    59 5.083e-01 6.061e+00 | 8.605e-05    1 desired 1.375e-01    0 +3.208e-10 +3.416e-09   12     2 |    0   1.000e+00 8.605e-05 |
    60 5.083e-01 6.667e+00 | 1.298e-04    1 desired 1.375e-01    0 +6.144e-10 +7.669e-09   12     2 |    1   5.000e-01 6.489e-05 |
    61 5.083e-01 5.334e+00 | 4.802e-05    1 desired 1.375e-01    0 +3.291e-10 +1.075e-09   12     2 |    0   1.000e+00 4.802e-05 |
    62 5.083e-01 5.867e+00 | 5.805e-05    1 desired 1.375e-01    0 +1.449e-10 +1.560e-09   12     2 |    0   1.000e+00 5.805e-05 |
    63 5.083e-01 6.454e+00 | 7.575e-05    1 desired 1.375e-01    0 +2.726e-10 +2.626e-09   12     2 |    1   5.000e-01 3.788e-05 |
    64 5.083e-01 5.163e+00 | 2.951e-05    1 desired 1.375e-01    0 +1.085e-10 +4.067e-10   12     2 |    0   1.000e+00 2.951e-05 |
    65 5.083e-01 5.679e+00 | 3.026e-05    1 desired 1.375e-01    0 +3.834e-11 +4.253e-10   12     2 |    0   1.000e+00 3.026e-05 |
    66 5.083e-01 6.247e+00 | 3.976e-05    1 desired 1.375e-01    0 +5.868e-11 +7.267e-10   12     2 |    0   1.000e+00 3.976e-05 |
    67 5.083e-01 6.872e+00 | 5.840e-05    1 desired 1.375e-01    0 +1.481e-10 +1.545e-09   12     2 |    1   5.000e-01 2.920e-05 |
    68 5.083e-01 5.497e+00 | 2.311e-05    1 desired 1.375e-01    0 +8.264e-11 +2.486e-10   12     2 |    0   1.000e+00 2.311e-05 |
    69 5.083e-01 6.047e+00 | 2.754e-05    1 desired 1.375e-01    0 +4.858e-11 +3.500e-10   12     2 |    0   1.000e+00 2.754e-05 |
    70 5.083e-01 6.652e+00 | 4.322e-05    1 desired 1.375e-01    0 +9.419e-11 +8.510e-10   12     2 |    1   5.000e-01 2.161e-05 |
    71 5.083e-01 5.322e+00 | 1.444e-05    1 desired 1.375e-01    0 +4.213e-11 +9.729e-11   12     2 |    0   1.000e+00 1.444e-05 |
    72 5.083e-01 5.854e+00 | 1.817e-05    1 desired 1.375e-01    0 +1.919e-11 +1.528e-10   12     2 |    0   1.000e+00 1.817e-05 |
    73 5.083e-01 6.439e+00 | 2.492e-05    1 desired 1.375e-01    0 +3.325e-11 +2.842e-10   12     2 |    1   5.000e-01 1.246e-05 |
    74 5.083e-01 5.151e+00 | 8.537e-06    1 desired 1.375e-01    0 +1.283e-11 +3.405e-11   12     2 |    0   1.000e+00 8.537e-06 |
    75 5.083e-01 5.666e+00 | 9.100e-06    1 desired 1.375e-01    0 +4.437e-12 +3.845e-11   12     2 |    0   1.000e+00 9.100e-06 |
    76 5.083e-01 6.233e+00 | 1.251e-05    1 desired 1.375e-01    0 +6.729e-12 +7.193e-11   12     2 |    1   5.000e-01 6.254e-06 |
    77 5.083e-01 4.986e+00 | 4.453e-06    1 desired 1.375e-01    0 +2.396e-12 +9.270e-12   12     2 |    0   1.000e+00 4.453e-06 |
    78 5.083e-01 5.485e+00 | 4.790e-06    1 desired 1.375e-01    0 +5.721e-13 +1.068e-11   12     2 |    0   1.000e+00 4.790e-06 |
    79 5.083e-01 6.034e+00 | 5.164e-06    1 desired 1.375e-01    0 +9.113e-13 +1.231e-11   12     2 |    0   1.000e+00 5.164e-06 |
 Iters.   Obj.    alphak   |  aoptim   its.   Flag  Stepsize  baks    Gap       tarGap    #pz  #pnz | baks    stepsize  |dtaken| |
    80 5.083e-01 6.637e+00 | 7.554e-06    1 desired 1.375e-01    0 +1.821e-12 +2.600e-11   12     2 |    1   5.000e-01 3.777e-06 |
    81 5.083e-01 5.310e+00 | 2.942e-06    1 desired 1.375e-01    0 +1.003e-12 +4.036e-12   12     2 |    0   1.000e+00 2.942e-06 |
    82 5.083e-01 5.840e+00 | 3.450e-06    1 desired 1.375e-01    0 +4.202e-13 +5.511e-12   12     2 |    0   1.000e+00 3.450e-06 |
    83 5.083e-01 6.425e+00 | 4.302e-06    1 desired 1.375e-01    0 +8.016e-13 +8.474e-12   12     2 |    1   5.000e-01 2.151e-06 |
    84 5.083e-01 5.140e+00 | 1.824e-06    1 desired 1.375e-01    0 +3.181e-13 +1.555e-12   12     2 |    0   1.000e+00 1.824e-06 |
    85 5.083e-01 5.654e+00 | 1.816e-06    1 desired 1.375e-01    0 +1.074e-13 +1.532e-12   12     2 |    0   1.000e+00 1.816e-06 |
    86 5.083e-01 6.219e+00 | 2.271e-06    1 desired 1.375e-01    0 +1.628e-13 +2.373e-12   12     2 |    0   1.000e+00 2.271e-06 |
    87 5.083e-01 6.841e+00 | 3.153e-06    1 desired 1.375e-01    0 +4.062e-13 +4.510e-12   12     2 |    1   5.000e-01 1.577e-06 |
    88 5.083e-01 5.473e+00 | 1.334e-06    1 desired 1.375e-01    0 +2.246e-13 +8.282e-13   12     2 |    0   1.000e+00 1.334e-06 |
    89 5.083e-01 6.020e+00 | 1.507e-06    1 desired 1.375e-01    0 +1.273e-13 +1.048e-12   12     2 |    0   1.000e+00 1.507e-06 |
    90 5.083e-01 6.622e+00 | 2.277e-06    1 desired 1.375e-01    0 +2.428e-13 +2.363e-12   12     2 |    1   5.000e-01 1.138e-06 |
    91 5.083e-01 5.298e+00 | 8.192e-07    1 desired 1.375e-01    0 +1.078e-13 +3.131e-13   12     2 |    0   1.000e+00 8.192e-07 |
    92 5.083e-01 5.827e+00 | 9.873e-07    1 desired 1.375e-01    0 +4.707e-14 +4.515e-13   12     2 |    0   1.000e+00 9.873e-07 |
    93 5.083e-01 6.410e+00 | 1.277e-06    1 desired 1.375e-01    0 +8.132e-14 +7.470e-13   12     2 |    1   5.000e-01 6.385e-07 |
    94 5.083e-01 5.128e+00 | 4.946e-07    1 desired 1.375e-01    0 +3.085e-14 +1.143e-13   12     2 |    0   1.000e+00 4.946e-07 |
    95 5.083e-01 5.641e+00 | 5.020e-07    1 desired 1.375e-01    0 +1.027e-14 +1.171e-13   12     2 |
==============================
Exit: Optimal Solution Found

Final Results
==============================
Iterations:.................................................................95
CPU seconds:................................................................0.7446
# zero groups:..............................................................12
Objective function:.........................................................5.083373e-01
Optimality error:...........................................................8.424040e-07
Function evaluations:.......................................................119
Gradient evaluations:.......................................................96

================================================================================
       Inexact Proximal Gradient Type Method   (version:0.1 (2021-09-17))  
================================================================================
Problem Summary: Excuted at 2021-10-1 21:41
Dataset:.............................................a9a
Data Size:......................................n=32561, p=123
Loss Function:..................................Logistic
Regularizer:....................................Overlapping Group L1
Penalty Parameter:..............................lambda=0.0135
Number of groups:..............................14

Algorithm Parameters:
Termination Conditions: accuracy: 1e-06 | optim scaled: False | time limits:3600.0 | iteration limits:100000
Inexact Strategy: yd: gamma:1.000e-01
Lineserch Parameters: eta:1e-05 | xi:0.5 | beta:1.1
Proximal Stepsize update: heuristic
****************************************************************************************************
 Iters.   Obj.    alphak   |  aoptim   its.   Flag  Stepsize  baks    Gap       tarGap    #pz  #pnz | baks    stepsize  |dtaken| |
     0 6.931e-01 1.000e+00 | 5.533e-01    1 desired 1.000e+00    0 +4.755e-04 +6.497e-02    0    14 |    0   1.000e+00 5.533e-01 |
     1 5.884e-01 1.100e+00 | 2.142e-01    1 desired 1.000e+00    0 +1.770e-03 +1.094e-02    0    14 |    0   1.000e+00 2.142e-01 |
     2 5.604e-01 1.210e+00 | 1.337e-01    1 desired 1.000e+00    0 +3.677e-03 +4.723e-03    0    14 |    0   1.000e+00 1.337e-01 |
     3 5.511e-01 1.331e+00 | 9.714e-02    2 desired 5.500e-01    1 +2.174e-03 +2.728e-03    0    14 |    0   1.000e+00 9.714e-02 |
     4 5.447e-01 1.464e+00 | 9.648e-02    1 desired 5.500e-01    0 +1.815e-03 +2.914e-03    0    14 |    0   1.000e+00 9.648e-02 |
     5 5.388e-01 1.611e+00 | 8.590e-02    3 desired 3.328e-01    1 +3.177e-04 +2.478e-03    0    14 |    0   1.000e+00 8.590e-02 |
     6 5.333e-01 1.772e+00 | 8.264e-02    1 desired 3.328e-01    0 +6.419e-04 +2.439e-03    0    14 |    0   1.000e+00 8.264e-02 |
     7 5.300e-01 1.949e+00 | 7.867e-02    1 desired 3.328e-01    0 +1.052e-03 +2.332e-03    0    14 |    0   1.000e+00 7.867e-02 |
     8 5.273e-01 2.144e+00 | 7.262e-02    1 desired 3.328e-01    0 +1.631e-03 +2.083e-03    0    14 |    0   1.000e+00 7.262e-02 |
     9 5.256e-01 2.358e+00 | 7.098e-02    1 desired 3.328e-01    0 +1.460e-03 +2.071e-03    0    14 |    0   1.000e+00 7.098e-02 |
    10 5.235e-01 2.594e+00 | 7.410e-02    1 desired 3.328e-01    0 +1.935e-03 +2.336e-03    0    14 |    0   1.000e+00 7.410e-02 |
    11 5.221e-01 2.853e+00 | 7.354e-02    2 desired 1.830e-01    1 +2.099e-04 +2.368e-03    0    14 |    0   1.000e+00 7.354e-02 |
    12 5.187e-01 3.138e+00 | 7.659e-02    1 desired 1.830e-01    0 +5.475e-04 +2.628e-03    0    14 |    0   1.000e+00 7.659e-02 |
    13 5.173e-01 3.452e+00 | 8.182e-02    1 desired 1.830e-01    0 +1.137e-03 +3.054e-03    0    14 |    0   1.000e+00 8.182e-02 |
    14 5.165e-01 3.797e+00 | 1.067e-01    1 desired 1.830e-01    0 +1.343e-03 +5.265e-03    0    14 |    0   1.000e+00 1.067e-01 |
    15 5.161e-01 4.177e+00 | 1.676e-01    1 desired 1.830e-01    0 +4.986e-03 +1.309e-02    0    14 |    1   5.000e-01 8.380e-02 |
    16 5.148e-01 3.342e+00 | 9.959e-02    1 desired 1.830e-01    0 +2.520e-03 +4.499e-03    0    14 |    1   5.000e-01 4.979e-02 |
    17 5.132e-01 2.673e+00 | 6.061e-02    1 desired 1.830e-01    0 +7.773e-04 +1.578e-03    0    14 |    0   1.000e+00 6.061e-02 |
    18 5.125e-01 2.941e+00 | 7.986e-02    1 desired 1.830e-01    0 +1.384e-03 +2.814e-03    0    14 |    1   5.000e-01 3.993e-02 |
    19 5.114e-01 2.353e+00 | 3.951e-02    3 desired 2.214e-01    0 +4.342e-04 +6.414e-04    0    14 |    0   1.000e+00 3.951e-02 |
    20 5.109e-01 2.588e+00 | 3.724e-02    2 desired 2.436e-01    0 +4.564e-04 +5.898e-04    0    14 |    0   1.000e+00 3.724e-02 |
    21 5.105e-01 2.847e+00 | 3.631e-02    2 desired 2.679e-01    0 +3.378e-04 +5.769e-04    0    14 |    0   1.000e+00 3.631e-02 |
    22 5.100e-01 3.131e+00 | 3.575e-02    1 desired 2.679e-01    0 +4.026e-04 +5.722e-04    0    14 |    0   1.000e+00 3.575e-02 |
    23 5.097e-01 3.444e+00 | 3.647e-02    3 desired 1.621e-01    1 +1.127e-04 +6.064e-04    0    14 |    0   1.000e+00 3.647e-02 |
    24 5.092e-01 3.789e+00 | 3.661e-02    2 desired 1.783e-01    0 +4.290e-04 +6.194e-04    0    14 |    1   5.000e-01 1.831e-02 |
    25 5.091e-01 3.031e+00 | 2.439e-02    3 desired 2.158e-01    0 +1.005e-04 +2.643e-04    0    14 |    0   1.000e+00 2.439e-02 |
    26 5.088e-01 3.334e+00 | 2.210e-02    2 desired 2.373e-01    0 +1.060e-04 +2.214e-04    0    14 |    0   1.000e+00 2.210e-02 |
    27 5.087e-01 3.668e+00 | 1.785e-02    3 desired 1.436e-01    1 +3.036e-05 +1.467e-04    0    14 |    0   1.000e+00 1.785e-02 |
    28 5.085e-01 4.034e+00 | 1.597e-02    3 desired 1.737e-01    0 +5.507e-05 +1.186e-04    0    14 |    0   1.000e+00 1.597e-02 |
    29 5.085e-01 4.438e+00 | 1.446e-02    3 desired 2.102e-01    0 +8.405e-05 +9.768e-05    0    14 |    0   1.000e+00 1.446e-02 |
    30 5.085e-01 4.882e+00 | 1.295e-02    2 desired 1.156e-01    1 +7.268e-05 +7.840e-05    0    14 |    0   1.000e+00 1.295e-02 |
    31 5.085e-01 5.370e+00 | 1.180e-02    4 desired 1.539e-01    0 +2.233e-05 +6.491e-05    0    14 |    0   1.000e+00 1.180e-02 |
    32 5.084e-01 5.907e+00 | 1.189e-02    3 desired 9.311e-02    1 +5.197e-05 +6.543e-05    0    14 |    1   5.000e-01 5.946e-03 |
    33 5.084e-01 4.725e+00 | 6.314e-03    6 desired 1.500e-01    0 +1.035e-05 +1.865e-05    0    14 |    0   1.000e+00 6.314e-03 |
    34 5.084e-01 5.198e+00 | 5.684e-03    4 desired 9.980e-02    1 +5.046e-06 +1.508e-05    0    14 |    0   1.000e+00 5.684e-03 |
    35 5.084e-01 5.718e+00 | 5.484e-03    5 desired 1.461e-01    0 +4.034e-06 +1.396e-05    0    14 |    0   1.000e+00 5.484e-03 |
    36 5.083e-01 6.290e+00 | 5.855e-03    4 desired 8.840e-02    1 +1.283e-05 +1.574e-05    0    14 |    1   5.000e-01 2.928e-03 |
    37 5.083e-01 5.032e+00 | 3.036e-03    7 desired 1.566e-01    0 +1.791e-06 +4.309e-06    0    14 |    0   1.000e+00 3.036e-03 |
    38 5.083e-01 5.535e+00 | 2.833e-03    5 desired 1.042e-01    1 +1.956e-06 +3.734e-06    0    14 |    0   1.000e+00 2.833e-03 |
    39 5.083e-01 6.088e+00 | 3.036e-03    5 desired 1.526e-01    0 +3.887e-06 +4.251e-06    0    14 |    1   5.000e-01 1.518e-03 |
 Iters.   Obj.    alphak   |  aoptim   its.   Flag  Stepsize  baks    Gap       tarGap    #pz  #pnz | baks    stepsize  |dtaken| |
    40 5.083e-01 4.871e+00 | 1.631e-03    6 desired 1.117e-01    1 +6.214e-07 +1.244e-06    0    14 |    0   1.000e+00 1.631e-03 |
    41 5.083e-01 5.358e+00 | 1.544e-03    5 desired 1.635e-01    0 +6.558e-07 +1.111e-06    0    14 |    0   1.000e+00 1.544e-03 |
    42 5.083e-01 5.894e+00 | 1.440e-03    6 desired 1.197e-01    1 +5.575e-07 +9.597e-07    0    14 |    0   1.000e+00 1.440e-03 |
    43 5.083e-01 6.483e+00 | 1.600e-03    6 desired 8.764e-02    1 +7.317e-07 +1.170e-06    0    14 |    1   5.000e-01 7.998e-04 |
    44 5.083e-01 5.186e+00 | 8.837e-04    8 desired 1.708e-01    0 +1.702e-07 +3.647e-07    0    14 |    0   1.000e+00 8.837e-04 |
    45 5.083e-01 5.705e+00 | 8.735e-04    6 desired 1.250e-01    1 +2.426e-07 +3.541e-07    0    14 |    0   1.000e+00 8.735e-04 |
    46 5.083e-01 6.275e+00 | 8.692e-04    7 desired 1.007e-01    1 +2.257e-07 +3.470e-07    0    14 |    0   1.000e+00 8.692e-04 |
    47 5.083e-01 6.903e+00 | 1.164e-03    7 desired 8.107e-02    1 +3.043e-07 +6.139e-07    0    14 |    1   5.000e-01 5.822e-04 |
    48 5.083e-01 5.522e+00 | 5.473e-04    9 desired 1.738e-01    0 +7.607e-08 +1.394e-07    0    14 |    0   1.000e+00 5.473e-04 |
    49 5.083e-01 6.075e+00 | 6.303e-04   10 desired 9.313e-02    2 +5.352e-08 +1.832e-07    0    14 |    0   1.000e+00 6.303e-04 |
    50 5.083e-01 6.682e+00 | 8.002e-04    8 desired 9.074e-02    1 +2.866e-07 +2.915e-07    0    14 |    2   2.500e-01 2.000e-04 |
    51 5.083e-01 5.346e+00 | 3.473e-04    8 desired 1.768e-01    0 +3.308e-08 +5.623e-08    0    14 |    0   1.000e+00 3.473e-04 |
    52 5.083e-01 5.880e+00 | 3.842e-04   10 desired 9.476e-02    2 +2.062e-08 +6.830e-08    0    14 |    0   1.000e+00 3.842e-04 |
    53 5.083e-01 6.468e+00 | 4.493e-04    9 desired 9.233e-02    1 +4.798e-08 +9.235e-08    0    14 |    1   5.000e-01 2.247e-04 |
    54 5.083e-01 5.175e+00 | 2.181e-04    9 desired 1.979e-01    0 +1.294e-08 +2.221e-08    0    14 |    0   1.000e+00 2.181e-04 |
    55 5.083e-01 5.692e+00 | 2.099e-04    9 desired 9.642e-02    2 +6.284e-09 +2.045e-08    0    14 |    0   1.000e+00 2.099e-04 |
    56 5.083e-01 6.261e+00 | 2.490e-04   10 desired 1.033e-01    1 +1.830e-08 +2.848e-08    0    14 |    2   2.500e-01 6.224e-05 |
    57 5.083e-01 5.009e+00 | 1.410e-04    8 desired 2.014e-01    0 +6.028e-09 +9.300e-09    0    14 |    0   1.000e+00 1.410e-04 |
    58 5.083e-01 5.510e+00 | 1.323e-04   10 desired 1.079e-01    2 +3.457e-09 +8.146e-09    0    14 |    0   1.000e+00 1.323e-04 |
    59 5.083e-01 6.061e+00 | 1.431e-04    9 desired 1.052e-01    1 +6.636e-09 +9.440e-09    0    14 |    1   5.000e-01 7.153e-05 |
    60 5.083e-01 4.849e+00 | 8.639e-05    9 desired 2.254e-01    0 +1.894e-09 +3.491e-09    0    14 |    0   1.000e+00 8.639e-05 |
    61 5.083e-01 5.334e+00 | 8.423e-05   10 desired 1.098e-01    2 +9.638e-10 +3.309e-09    0    14 |    0   1.000e+00 8.423e-05 |
    62 5.083e-01 5.867e+00 | 7.834e-05    9 desired 1.070e-01    1 +2.666e-09 +2.841e-09    0    14 |    2   2.500e-01 1.958e-05 |
    63 5.083e-01 4.694e+00 | 6.001e-05    8 desired 2.085e-01    0 +6.141e-10 +1.685e-09    0    14 |    0   1.000e+00 6.001e-05 |
    64 5.083e-01 5.163e+00 | 5.816e-05    7 desired 1.679e-01    1 +1.217e-09 +1.580e-09    0    14 |    0   1.000e+00 5.816e-05 |
    65 5.083e-01 5.679e+00 | 5.409e-05    9 desired 1.636e-01    1 +1.205e-09 +1.358e-09    0    14 |    0   1.000e+00 5.409e-05 |
    66 5.083e-01 6.247e+00 | 5.320e-05   17 desired 1.553e-01    2 +1.132e-09 +1.301e-09    0    14 |    0   1.000e+00 5.320e-05 |
    67 5.083e-01 6.872e+00 | 5.140e-05   12 desired 9.156e-02    2 +5.761e-10 +1.197e-09    0    14 |    0   1.000e+00 5.140e-05 |
    68 5.083e-01 7.559e+00 | 7.002e-05   11 desired 1.079e-01    1 +1.652e-09 +2.182e-09    0    14 |    1   5.000e-01 3.501e-05 |
    69 5.083e-01 6.047e+00 | 3.725e-05   12 desired 1.400e-01    1 +4.968e-10 +6.401e-10    0    14 |    0   1.000e+00 3.725e-05 |
    70 5.083e-01 6.652e+00 | 4.866e-05   11 desired 1.650e-01    1 +9.772e-10 +1.079e-09    0    14 |    1   5.000e-01 2.433e-05 |
    71 5.083e-01 5.322e+00 | 2.321e-05   60 desired 1.832e-01    7 +2.424e-10 +2.513e-10    0    14 |    0   1.000e+00 2.321e-05 |
    72 5.083e-01 5.854e+00 | 2.520e-05   15 desired 1.437e-01    2 +2.044e-10 +2.940e-10    0    14 |    0   1.000e+00 2.520e-05 |
    73 5.083e-01 6.439e+00 | 2.795e-05   57 desired 1.198e-01    7 +3.079e-10 +3.575e-10    0    14 |    1   5.000e-01 1.397e-05 |
    74 5.083e-01 5.151e+00 | 1.502e-05   13 desired 1.709e-01    1 +6.230e-11 +1.053e-10    0    14 |    0   1.000e+00 1.502e-05 |
    75 5.083e-01 5.666e+00 | 1.420e-05 1721 desired 1.601e-01  208 +8.500e-11 +9.361e-11    0    14 |    0   1.000e+00 1.420e-05 |
    76 5.083e-01 6.233e+00 | 1.594e-05   90 desired 1.323e-01   11 +1.156e-10 +1.168e-10    0    14 |    1   5.000e-01 7.969e-06 |
    77 5.083e-01 4.986e+00 | 9.228e-06   13 desired 1.887e-01    1 +3.202e-11 +3.982e-11    0    14 |    0   1.000e+00 9.228e-06 |
    78 5.083e-01 5.485e+00 | 9.124e-06 1845 desired 1.753e-01  223 +3.506e-11 +3.875e-11    0    14 |    0   1.000e+00 9.124e-06 |
    79 5.083e-01 6.034e+00 | 8.595e-06 1580 desired 1.585e-01  191 +3.162e-11 +3.409e-11    0    14 |    0   1.000e+00 8.595e-06 |
 Iters.   Obj.    alphak   |  aoptim   its.   Flag  Stepsize  baks    Gap       tarGap    #pz  #pnz | baks    stepsize  |dtaken| |
    80 5.083e-01 6.637e+00 | 9.735e-06 1007 desired 1.163e-01  122 +2.834e-11 +4.319e-11    0    14 |    0   1.000e+00 9.735e-06 |
    81 5.083e-01 7.301e+00 | 1.244e-05  174 desired 1.085e-01   21 +5.494e-11 +6.930e-11    0    14 |   16   1.526e-05 1.897e-10 |
    82 5.083e-01 5.840e+00 | 1.021e-05    1 desired 1.085e-01    0 +2.809e-11 +4.825e-11    0    14 |    0   1.000e+00 1.021e-05 |
    83 5.083e-01 6.425e+00 | 1.488e-05   13 desired 1.548e-01    1 +7.140e-11 +1.013e-10    0    14 |    2   2.500e-01 3.719e-06 |
    84 5.083e-01 5.140e+00 | 5.629e-06   13 desired 2.209e-01    1 +8.141e-12 +1.480e-11    0    14 |    0   1.000e+00 5.629e-06 |
    85 5.083e-01 5.654e+00 | 5.778e-06   31 desired 1.645e-01    4 +1.550e-11 +1.551e-11    0    14 |    2   2.500e-01 1.445e-06 |
    86 5.083e-01 4.523e+00 | 3.311e-06 5001 correct 2.499e-01  604 +3.005e-09 +5.127e-12    0    14 |    9   1.953e-03 6.468e-09 |
    87 5.083e-01 3.618e+00 | 2.715e-06 5001 correct 3.451e-01  604 +7.010e-09 +3.387e-12    0    14 |
==============================
Exit: Early stoppiong. (2 correction steps cap reached).

Final Results
==============================
Iterations:.................................................................87
CPU seconds:................................................................6.0020
# zero groups:..............................................................0
Objective function:.........................................................5.083373e-01
Optimality error:...........................................................2.279532e-04
Function evaluations:.......................................................138
Gradient evaluations:.......................................................88
