
================================================================================
       Inexact Proximal Gradient Type Method   (version:0.1 (2021-09-17))  
================================================================================
Problem Summary: Excuted at 2021-10-1 21:44
Dataset:.......................................mushrooms
Data Size:......................................n=8124, p=112
Loss Function:..................................Logistic
Regularizer:....................................Overlapping Group L1
Penalty Parameter:..............................lambda=0.0095
Number of groups:..............................13

Algorithm Parameters:
Termination Conditions: accuracy: 1e-06 | optim scaled: False | time limits:3600.0 | iteration limits:100000
Inexact Strategy: yd: gamma:1.000e-01
Lineserch Parameters: eta:1e-05 | xi:0.5 | beta:1.1
Proximal Stepsize update: heuristic
****************************************************************************************************
 Iters.   Obj.    alphak   |  aoptim   its.   Flag  Stepsize  baks    Gap       tarGap    #pz  #pnz | baks    stepsize  |dtaken| |
     0 6.931e-01 1.000e+00 | 4.643e-01    1 desired 1.000e+00    0 +4.427e-04 +4.574e-02    0    13 |    0   1.000e+00 4.643e-01 |
     1 5.276e-01 1.100e+00 | 3.124e-01    1 desired 1.000e+00    0 +8.955e-04 +2.326e-02    0    13 |    0   1.000e+00 3.124e-01 |
     2 4.603e-01 1.210e+00 | 2.387e-01    1 desired 1.000e+00    0 +4.675e-04 +1.505e-02    0    13 |    0   1.000e+00 2.387e-01 |
     3 4.270e-01 1.331e+00 | 2.011e-01    1 desired 1.000e+00    0 +1.079e-03 +1.169e-02    1    12 |    0   1.000e+00 2.011e-01 |
     4 4.070e-01 1.464e+00 | 1.907e-01    1 desired 1.000e+00    0 +3.296e-03 +1.139e-02    0    13 |    0   1.000e+00 1.907e-01 |
     5 3.949e-01 1.611e+00 | 1.991e-01    1 desired 1.000e+00    0 +6.475e-03 +1.330e-02    0    13 |    0   1.000e+00 1.991e-01 |
     6 3.842e-01 1.772e+00 | 1.698e-01    1 desired 1.000e+00    0 +2.068e-03 +1.030e-02    0    13 |    0   1.000e+00 1.698e-01 |
     7 3.745e-01 1.949e+00 | 1.747e-01    1 desired 1.000e+00    0 +1.053e-02 +1.150e-02    0    13 |    0   1.000e+00 1.747e-01 |
     8 3.710e-01 2.144e+00 | 1.723e-01    1 desired 1.000e+00    0 +7.476e-03 +1.173e-02    0    13 |    0   1.000e+00 1.723e-01 |
     9 3.648e-01 2.358e+00 | 1.938e-01    3 desired 5.500e-01    1 +1.533e-02 +1.544e-02    0    13 |    0   1.000e+00 1.938e-01 |
    10 3.640e-01 2.594e+00 | 2.102e-01    1 desired 5.500e-01    0 +1.020e-02 +1.880e-02    0    13 |    0   1.000e+00 2.102e-01 |
    11 3.579e-01 2.853e+00 | 2.847e-01    1 desired 5.500e-01    0 +3.030e-02 +3.548e-02    0    13 |    1   5.000e-01 1.423e-01 |
    12 3.553e-01 2.282e+00 | 1.289e-01    2 desired 3.025e-01    1 +4.404e-04 +6.740e-03    3    10 |    0   1.000e+00 1.289e-01 |
    13 3.482e-01 2.511e+00 | 8.720e-02    1 desired 3.025e-01    0 +1.674e-04 +3.200e-03    5     8 |    0   1.000e+00 8.720e-02 |
    14 3.455e-01 2.762e+00 | 8.815e-02    1 desired 3.025e-01    0 +3.599e-05 +3.371e-03    5     8 |    0   1.000e+00 8.815e-02 |
    15 3.431e-01 3.038e+00 | 9.082e-02    1 desired 3.025e-01    0 +9.242e-06 +3.669e-03    5     8 |    0   1.000e+00 9.082e-02 |
    16 3.409e-01 3.342e+00 | 9.618e-02    1 desired 3.025e-01    0 +4.876e-06 +4.197e-03    5     8 |    0   1.000e+00 9.618e-02 |
    17 3.388e-01 3.676e+00 | 1.040e-01    1 desired 3.025e-01    0 +6.854e-05 +4.982e-03    5     8 |    0   1.000e+00 1.040e-01 |
    18 3.368e-01 4.044e+00 | 1.184e-01    1 desired 3.025e-01    0 +5.202e-04 +6.522e-03    5     8 |    0   1.000e+00 1.184e-01 |
    19 3.350e-01 4.448e+00 | 1.398e-01    1 desired 3.025e-01    0 +3.074e-03 +9.137e-03    5     8 |    0   1.000e+00 1.398e-01 |
    20 3.336e-01 4.893e+00 | 3.332e-01    1 desired 3.025e-01    0 +3.396e-02 +5.192e-02    2    11 |   52   2.220e-16 7.195e-17 |
    21 3.336e-01 3.914e+00 | 2.416e-01    1 desired 3.025e-01    0 +2.180e-02 +2.706e-02    3    10 |   48   3.553e-15 8.771e-16 |
    22 3.336e-01 3.131e+00 | 1.197e-01    1 desired 3.025e-01    0 +3.093e-03 +6.417e-03    5     8 |    0   1.000e+00 1.197e-01 |
    23 3.319e-01 3.444e+00 | 1.068e-01    2 desired 1.664e-01    1 +7.854e-05 +5.206e-03    5     8 |    0   1.000e+00 1.068e-01 |
    24 3.305e-01 3.789e+00 | 1.079e-01    1 desired 1.664e-01    0 +5.999e-04 +5.383e-03    6     7 |    0   1.000e+00 1.079e-01 |
    25 3.294e-01 4.168e+00 | 1.171e-01    1 desired 1.664e-01    0 +1.895e-04 +6.390e-03    6     7 |    0   1.000e+00 1.171e-01 |
    26 3.284e-01 4.585e+00 | 1.359e-01    1 desired 1.664e-01    0 +3.180e-04 +8.636e-03    6     7 |    0   1.000e+00 1.359e-01 |
    27 3.278e-01 5.043e+00 | 1.728e-01    1 desired 1.664e-01    0 +4.568e-04 +1.395e-02    6     7 |    1   5.000e-01 8.639e-02 |
    28 3.260e-01 4.034e+00 | 6.165e-02    1 desired 1.664e-01    0 +2.935e-04 +1.767e-03    7     6 |    0   1.000e+00 6.165e-02 |
    29 3.252e-01 4.438e+00 | 6.444e-02    1 desired 1.664e-01    0 +2.216e-05 +1.941e-03    7     6 |    0   1.000e+00 6.444e-02 |
    30 3.245e-01 4.882e+00 | 6.788e-02    1 desired 1.664e-01    0 +4.062e-05 +2.155e-03    7     6 |    0   1.000e+00 6.788e-02 |
    31 3.238e-01 5.370e+00 | 7.422e-02    1 desired 1.664e-01    0 +4.633e-05 +2.568e-03    7     6 |    0   1.000e+00 7.422e-02 |
    32 3.231e-01 5.907e+00 | 8.508e-02    1 desired 1.664e-01    0 +1.103e-04 +3.349e-03    7     6 |    0   1.000e+00 8.508e-02 |
    33 3.225e-01 6.498e+00 | 1.066e-01    1 desired 1.664e-01    0 +4.446e-04 +5.194e-03    7     6 |    0   1.000e+00 1.066e-01 |
    34 3.221e-01 7.147e+00 | 1.481e-01    1 desired 1.664e-01    0 +2.149e-03 +9.869e-03    7     6 |    1   5.000e-01 7.405e-02 |
    35 3.213e-01 5.718e+00 | 5.992e-02    1 desired 1.664e-01    0 +1.452e-03 +1.666e-03    8     5 |    0   1.000e+00 5.992e-02 |
    36 3.207e-01 6.290e+00 | 6.494e-02    2 desired 9.151e-02    1 +4.916e-05 +1.936e-03    8     5 |    0   1.000e+00 6.494e-02 |
    37 3.203e-01 6.919e+00 | 7.703e-02    1 desired 9.151e-02    0 +1.370e-04 +2.686e-03    8     5 |    0   1.000e+00 7.703e-02 |
    38 3.200e-01 7.610e+00 | 1.073e-01    1 desired 9.151e-02    0 +1.351e-04 +5.113e-03    8     5 |    1   5.000e-01 5.364e-02 |
    39 3.195e-01 6.088e+00 | 5.657e-02    1 desired 9.151e-02    0 +1.637e-04 +1.476e-03    8     5 |    0   1.000e+00 5.657e-02 |
 Iters.   Obj.    alphak   |  aoptim   its.   Flag  Stepsize  baks    Gap       tarGap    #pz  #pnz | baks    stepsize  |dtaken| |
    40 3.192e-01 6.697e+00 | 6.863e-02    1 desired 9.151e-02    0 +3.615e-05 +2.144e-03    8     5 |    0   1.000e+00 6.863e-02 |
    41 3.189e-01 7.367e+00 | 9.311e-02    1 desired 9.151e-02    0 +1.765e-04 +3.879e-03    8     5 |    0   1.000e+00 9.311e-02 |
    42 3.189e-01 8.104e+00 | 1.481e-01    1 desired 9.151e-02    0 +3.468e-04 +9.613e-03    8     5 |    1   5.000e-01 7.407e-02 |
    43 3.183e-01 6.483e+00 | 6.704e-02    1 desired 9.151e-02    0 +4.171e-04 +2.055e-03    8     5 |    0   1.000e+00 6.704e-02 |
    44 3.182e-01 7.131e+00 | 9.477e-02    1 desired 9.151e-02    0 +1.278e-04 +4.043e-03    8     5 |    1   5.000e-01 4.739e-02 |
    45 3.178e-01 5.705e+00 | 4.125e-02    1 desired 9.151e-02    0 +2.294e-04 +7.895e-04    8     5 |    0   1.000e+00 4.125e-02 |
    46 3.177e-01 6.275e+00 | 4.538e-02    1 desired 9.151e-02    0 +9.932e-06 +9.461e-04    9     4 |    0   1.000e+00 4.538e-02 |
    47 3.174e-01 6.903e+00 | 5.377e-02    1 desired 9.151e-02    0 +1.192e-04 +1.309e-03    9     4 |    0   1.000e+00 5.377e-02 |
    48 3.174e-01 7.593e+00 | 7.172e-02    1 desired 9.151e-02    0 +1.827e-04 +2.287e-03    9     4 |    1   5.000e-01 3.586e-02 |
    49 3.172e-01 6.075e+00 | 3.002e-02    1 desired 9.151e-02    0 +1.173e-04 +4.155e-04    9     4 |    0   1.000e+00 3.002e-02 |
    50 3.171e-01 6.682e+00 | 3.489e-02    1 desired 9.151e-02    0 +1.077e-05 +5.543e-04    9     4 |    0   1.000e+00 3.489e-02 |
    51 3.170e-01 7.350e+00 | 4.241e-02    1 desired 9.151e-02    0 +2.136e-04 +8.050e-04    9     4 |    1   5.000e-01 2.121e-02 |
    52 3.170e-01 5.880e+00 | 1.944e-02    1 desired 9.151e-02    0 +1.282e-05 +1.749e-04   10     3 |    0   1.000e+00 1.944e-02 |
    53 3.169e-01 6.468e+00 | 2.031e-02    1 desired 9.151e-02    0 +6.528e-07 +1.887e-04   10     3 |    0   1.000e+00 2.031e-02 |
    54 3.168e-01 7.115e+00 | 2.066e-02    1 desired 9.151e-02    0 +3.162e-06 +1.921e-04   10     3 |    0   1.000e+00 2.066e-02 |
    55 3.168e-01 7.827e+00 | 2.144e-02    1 desired 9.151e-02    0 +1.045e-06 +2.030e-04   10     3 |    0   1.000e+00 2.144e-02 |
    56 3.167e-01 8.609e+00 | 2.264e-02    1 desired 9.151e-02    0 +1.143e-06 +2.211e-04   10     3 |    0   1.000e+00 2.264e-02 |
    57 3.166e-01 9.470e+00 | 2.461e-02    1 desired 9.151e-02    0 +1.754e-06 +2.543e-04   10     3 |    0   1.000e+00 2.461e-02 |
    58 3.166e-01 1.042e+01 | 2.889e-02    1 desired 9.151e-02    0 +4.145e-06 +3.398e-04   10     3 |    0   1.000e+00 2.889e-02 |
    59 3.166e-01 1.146e+01 | 4.026e-02    1 desired 9.151e-02    0 +2.172e-05 +6.377e-04   10     3 |    1   5.000e-01 2.013e-02 |
    60 3.165e-01 9.167e+00 | 2.237e-02    1 desired 9.151e-02    0 +2.096e-05 +2.122e-04   10     3 |    0   1.000e+00 2.237e-02 |
    61 3.165e-01 1.008e+01 | 2.756e-02    1 desired 9.151e-02    0 +2.159e-05 +3.126e-04   10     3 |    0   1.000e+00 2.756e-02 |
    62 3.165e-01 1.109e+01 | 4.036e-02    1 desired 9.151e-02    0 +5.169e-05 +6.485e-04   10     3 |    1   5.000e-01 2.018e-02 |
    63 3.164e-01 8.874e+00 | 1.979e-02    1 desired 9.151e-02    0 +3.489e-05 +1.676e-04   10     3 |    0   1.000e+00 1.979e-02 |
    64 3.164e-01 9.761e+00 | 2.444e-02    1 desired 9.151e-02    0 +2.750e-05 +2.485e-04   10     3 |    0   1.000e+00 2.444e-02 |
    65 3.164e-01 1.074e+01 | 3.517e-02    1 desired 9.151e-02    0 +5.248e-05 +4.984e-04   10     3 |    1   5.000e-01 1.759e-02 |
    66 3.164e-01 8.590e+00 | 1.645e-02    1 desired 9.151e-02    0 +2.856e-05 +1.169e-04   10     3 |    0   1.000e+00 1.645e-02 |
    67 3.163e-01 9.449e+00 | 1.959e-02    1 desired 9.151e-02    0 +1.868e-05 +1.613e-04   10     3 |    0   1.000e+00 1.959e-02 |
    68 3.163e-01 1.039e+01 | 2.668e-02    1 desired 9.151e-02    0 +2.885e-05 +2.901e-04   10     3 |    0   1.000e+00 2.668e-02 |
    69 3.163e-01 1.143e+01 | 4.371e-02    1 desired 9.151e-02    0 +8.148e-05 +7.521e-04   10     3 |    1   5.000e-01 2.185e-02 |
    70 3.163e-01 9.146e+00 | 1.941e-02    1 desired 9.151e-02    0 +5.574e-05 +1.599e-04   10     3 |    0   1.000e+00 1.941e-02 |
    71 3.163e-01 1.006e+01 | 2.679e-02    1 desired 9.151e-02    0 +5.524e-05 +2.957e-04   10     3 |    1   5.000e-01 1.340e-02 |
    72 3.163e-01 8.049e+00 | 1.129e-02    1 desired 9.151e-02    0 +1.922e-05 +5.588e-05   10     3 |    0   1.000e+00 1.129e-02 |
    73 3.163e-01 8.854e+00 | 1.263e-02    1 desired 9.151e-02    0 +7.945e-06 +6.828e-05   10     3 |    0   1.000e+00 1.263e-02 |
    74 3.163e-01 9.739e+00 | 1.544e-02    1 desired 9.151e-02    0 +8.815e-06 +9.928e-05   10     3 |    0   1.000e+00 1.544e-02 |
    75 3.162e-01 1.071e+01 | 2.181e-02    1 desired 9.151e-02    0 +1.718e-05 +1.917e-04   10     3 |    1   5.000e-01 1.090e-02 |
    76 3.162e-01 8.570e+00 | 1.033e-02    1 desired 9.151e-02    0 +9.817e-06 +4.612e-05   10     3 |    0   1.000e+00 1.033e-02 |
    77 3.162e-01 9.427e+00 | 1.210e-02    1 desired 9.151e-02    0 +6.218e-06 +6.157e-05   10     3 |    0   1.000e+00 1.210e-02 |
    78 3.162e-01 1.037e+01 | 1.608e-02    1 desired 9.151e-02    0 +9.578e-06 +1.054e-04   10     3 |    0   1.000e+00 1.608e-02 |
    79 3.162e-01 1.141e+01 | 2.557e-02    1 desired 9.151e-02    0 +2.696e-05 +2.576e-04   10     3 |    1   5.000e-01 1.278e-02 |
 Iters.   Obj.    alphak   |  aoptim   its.   Flag  Stepsize  baks    Gap       tarGap    #pz  #pnz | baks    stepsize  |dtaken| |
    80 3.162e-01 9.126e+00 | 1.154e-02    1 desired 9.151e-02    0 +1.830e-05 +5.652e-05   10     3 |    0   1.000e+00 1.154e-02 |
    81 3.162e-01 1.004e+01 | 1.545e-02    1 desired 9.151e-02    0 +1.778e-05 +9.840e-05   10     3 |    1   5.000e-01 7.725e-03 |
    82 3.162e-01 8.031e+00 | 6.983e-03    1 desired 9.151e-02    0 +6.028e-06 +2.140e-05   10     3 |    0   1.000e+00 6.983e-03 |
    83 3.162e-01 8.834e+00 | 7.687e-03    1 desired 9.151e-02    0 +2.449e-06 +2.532e-05   10     3 |    0   1.000e+00 7.687e-03 |
    84 3.162e-01 9.717e+00 | 9.094e-03    1 desired 9.151e-02    0 +2.643e-06 +3.445e-05   10     3 |    0   1.000e+00 9.094e-03 |
    85 3.162e-01 1.069e+01 | 1.221e-02    1 desired 9.151e-02    0 +5.039e-06 +6.018e-05   10     3 |    0   1.000e+00 1.221e-02 |
    86 3.162e-01 1.176e+01 | 2.010e-02    1 desired 9.151e-02    0 +1.657e-05 +1.574e-04   10     3 |    1   5.000e-01 1.005e-02 |
    87 3.162e-01 9.406e+00 | 9.292e-03    1 desired 9.151e-02    0 +1.229e-05 +3.633e-05   10     3 |    0   1.000e+00 9.292e-03 |
    88 3.162e-01 1.035e+01 | 1.308e-02    1 desired 9.151e-02    0 +1.405e-05 +6.978e-05   10     3 |    1   5.000e-01 6.539e-03 |
    89 3.162e-01 8.277e+00 | 5.626e-03    1 desired 9.151e-02    0 +5.339e-06 +1.379e-05   10     3 |    0   1.000e+00 5.626e-03 |
    90 3.162e-01 9.105e+00 | 6.434e-03    1 desired 9.151e-02    0 +2.647e-06 +1.758e-05   10     3 |    0   1.000e+00 6.434e-03 |
    91 3.162e-01 1.002e+01 | 8.110e-03    1 desired 9.151e-02    0 +3.287e-06 +2.713e-05   10     3 |    0   1.000e+00 8.110e-03 |
    92 3.162e-01 1.102e+01 | 1.205e-02    1 desired 9.151e-02    0 +6.741e-06 +5.791e-05   10     3 |    1   5.000e-01 6.023e-03 |
    93 3.162e-01 8.814e+00 | 5.459e-03    1 desired 9.151e-02    0 +3.926e-06 +1.278e-05   10     3 |    0   1.000e+00 5.459e-03 |
    94 3.162e-01 9.695e+00 | 6.730e-03    1 desired 9.151e-02    0 +2.934e-06 +1.888e-05   10     3 |    0   1.000e+00 6.730e-03 |
    95 3.162e-01 1.066e+01 | 9.567e-03    1 desired 9.151e-02    0 +5.037e-06 +3.696e-05   10     3 |    1   5.000e-01 4.783e-03 |
    96 3.162e-01 8.532e+00 | 4.343e-03    1 desired 9.151e-02    0 +2.413e-06 +8.155e-06   10     3 |    0   1.000e+00 4.343e-03 |
    97 3.162e-01 9.385e+00 | 5.077e-03    1 desired 9.151e-02    0 +1.500e-06 +1.085e-05   10     3 |    0   1.000e+00 5.077e-03 |
    98 3.162e-01 1.032e+01 | 6.692e-03    1 desired 9.151e-02    0 +2.118e-06 +1.829e-05   10     3 |    0   1.000e+00 6.692e-03 |
    99 3.162e-01 1.136e+01 | 1.048e-02    1 desired 9.151e-02    0 +5.394e-06 +4.338e-05   10     3 |    1   5.000e-01 5.242e-03 |
   100 3.162e-01 9.085e+00 | 4.671e-03    1 desired 9.151e-02    0 +3.402e-06 +9.272e-06   10     3 |    0   1.000e+00 4.671e-03 |
   101 3.161e-01 9.993e+00 | 6.133e-03    1 desired 9.151e-02    0 +3.178e-06 +1.553e-05   10     3 |    0   1.000e+00 6.133e-03 |
   102 3.161e-01 1.099e+01 | 9.506e-03    1 desired 9.151e-02    0 +5.994e-06 +3.610e-05   10     3 |    1   5.000e-01 4.753e-03 |
   103 3.161e-01 8.794e+00 | 3.917e-03    1 desired 9.151e-02    0 +3.141e-06 +6.583e-06   10     3 |    0   1.000e+00 3.917e-03 |
   104 3.161e-01 9.673e+00 | 4.992e-03    1 desired 9.151e-02    0 +2.330e-06 +1.039e-05   10     3 |    0   1.000e+00 4.992e-03 |
   105 3.161e-01 1.064e+01 | 7.339e-03    1 desired 9.151e-02    0 +3.772e-06 +2.177e-05   10     3 |    1   5.000e-01 3.670e-03 |
   106 3.161e-01 8.513e+00 | 3.022e-03    1 desired 9.151e-02    0 +1.695e-06 +3.950e-06   10     3 |    0   1.000e+00 3.022e-03 |
   107 3.161e-01 9.364e+00 | 3.618e-03    1 desired 9.151e-02    0 +1.039e-06 +5.514e-06   10     3 |    0   1.000e+00 3.618e-03 |
   108 3.161e-01 1.030e+01 | 4.930e-03    1 desired 9.151e-02    0 +1.423e-06 +9.931e-06   10     3 |    1   5.000e-01 2.465e-03 |
   109 3.161e-01 8.240e+00 | 2.248e-03    1 desired 9.151e-02    0 +5.828e-07 +2.204e-06   10     3 |    0   1.000e+00 2.248e-03 |
   110 3.161e-01 9.064e+00 | 2.524e-03    1 desired 9.151e-02    0 +2.718e-07 +2.710e-06   10     3 |    0   1.000e+00 2.524e-03 |
   111 3.161e-01 9.971e+00 | 3.058e-03    1 desired 9.151e-02    0 +3.468e-07 +3.863e-06   10     3 |    0   1.000e+00 3.058e-03 |
   112 3.161e-01 1.097e+01 | 4.322e-03    1 desired 9.151e-02    0 +7.147e-07 +7.468e-06   10     3 |    1   5.000e-01 2.161e-03 |
   113 3.161e-01 8.774e+00 | 2.107e-03    1 desired 9.151e-02    0 +4.264e-07 +1.905e-06   10     3 |    0   1.000e+00 2.107e-03 |
   114 3.161e-01 9.651e+00 | 2.494e-03    1 desired 9.151e-02    0 +3.051e-07 +2.597e-06   10     3 |    0   1.000e+00 2.494e-03 |
   115 3.161e-01 1.062e+01 | 3.347e-03    1 desired 9.151e-02    0 +5.212e-07 +4.529e-06   10     3 |    0   1.000e+00 3.347e-03 |
   116 3.161e-01 1.168e+01 | 5.434e-03    1 desired 9.151e-02    0 +1.494e-06 +1.153e-05   10     3 |    1   5.000e-01 2.717e-03 |
   117 3.161e-01 9.343e+00 | 2.457e-03    1 desired 9.151e-02    0 +1.025e-06 +2.544e-06   10     3 |    0   1.000e+00 2.457e-03 |
   118 3.161e-01 1.028e+01 | 3.390e-03    1 desired 9.151e-02    0 +1.107e-06 +4.701e-06   10     3 |    1   5.000e-01 1.695e-03 |
   119 3.161e-01 8.222e+00 | 1.480e-03    1 desired 9.151e-02    0 +3.848e-07 +9.562e-07   10     3 |    0   1.000e+00 1.480e-03 |
 Iters.   Obj.    alphak   |  aoptim   its.   Flag  Stepsize  baks    Gap       tarGap    #pz  #pnz | baks    stepsize  |dtaken| |
   120 3.161e-01 9.044e+00 | 1.666e-03    1 desired 9.151e-02    0 +1.830e-07 +1.181e-06   10     3 |    0   1.000e+00 1.666e-03 |
   121 3.161e-01 9.948e+00 | 2.041e-03    1 desired 9.151e-02    0 +2.140e-07 +1.723e-06   10     3 |    0   1.000e+00 2.041e-03 |
   122 3.161e-01 1.094e+01 | 2.913e-03    1 desired 9.151e-02    0 +4.096e-07 +3.396e-06   10     3 |    1   5.000e-01 1.457e-03 |
   123 3.161e-01 8.754e+00 | 1.381e-03    1 desired 9.151e-02    0 +2.250e-07 +8.191e-07   10     3 |    0   1.000e+00 1.381e-03 |
   124 3.161e-01 9.630e+00 | 1.643e-03    1 desired 9.151e-02    0 +1.599e-07 +1.128e-06   10     3 |    0   1.000e+00 1.643e-03 |
   125 3.161e-01 1.059e+01 | 2.220e-03    1 desired 9.151e-02    0 +2.616e-07 +1.995e-06   10     3 |    0   1.000e+00 2.220e-03 |
   126 3.161e-01 1.165e+01 | 3.618e-03    1 desired 9.151e-02    0 +7.190e-07 +5.115e-06   10     3 |    1   5.000e-01 1.809e-03 |
   127 3.161e-01 9.322e+00 | 1.612e-03    1 desired 9.151e-02    0 +4.804e-07 +1.096e-06   10     3 |    0   1.000e+00 1.612e-03 |
   128 3.161e-01 1.025e+01 | 2.227e-03    1 desired 9.151e-02    0 +5.100e-07 +2.031e-06   10     3 |    1   5.000e-01 1.114e-03 |
   129 3.161e-01 8.203e+00 | 9.587e-04    1 desired 9.151e-02    0 +1.726e-07 +4.014e-07   10     3 |    0   1.000e+00 9.587e-04 |
   130 3.161e-01 9.023e+00 | 1.079e-03    1 desired 9.151e-02    0 +8.105e-08 +4.955e-07   10     3 |    0   1.000e+00 1.079e-03 |
   131 3.161e-01 9.926e+00 | 1.321e-03    1 desired 9.151e-02    0 +9.303e-08 +7.217e-07   10     3 |    0   1.000e+00 1.321e-03 |
   132 3.161e-01 1.092e+01 | 1.881e-03    1 desired 9.151e-02    0 +1.748e-07 +1.416e-06   10     3 |    1   5.000e-01 9.403e-04 |
   133 3.161e-01 8.735e+00 | 8.890e-04    1 desired 9.151e-02    0 +9.450e-08 +3.396e-07   10     3 |    0   1.000e+00 8.890e-04 |
   134 3.161e-01 9.608e+00 | 1.055e-03    1 desired 9.151e-02    0 +6.612e-08 +4.648e-07   10     3 |    0   1.000e+00 1.055e-03 |
   135 3.161e-01 1.057e+01 | 1.417e-03    1 desired 9.151e-02    0 +1.067e-07 +8.132e-07   10     3 |    0   1.000e+00 1.417e-03 |
   136 3.161e-01 1.163e+01 | 2.294e-03    1 desired 9.151e-02    0 +2.890e-07 +2.059e-06   10     3 |    1   5.000e-01 1.147e-03 |
   137 3.161e-01 9.300e+00 | 1.023e-03    1 desired 9.151e-02    0 +1.916e-07 +4.419e-07   10     3 |    0   1.000e+00 1.023e-03 |
   138 3.161e-01 1.023e+01 | 1.403e-03    1 desired 9.151e-02    0 +2.005e-07 +8.062e-07   10     3 |    1   5.000e-01 7.015e-04 |
   139 3.161e-01 8.184e+00 | 6.123e-04    1 desired 9.151e-02    0 +6.708e-08 +1.638e-07   10     3 |    0   1.000e+00 6.123e-04 |
   140 3.161e-01 9.003e+00 | 6.854e-04    1 desired 9.151e-02    0 +3.097e-08 +2.002e-07   10     3 |    0   1.000e+00 6.854e-04 |
   141 3.161e-01 9.903e+00 | 8.311e-04    1 desired 9.151e-02    0 +3.523e-08 +2.860e-07   10     3 |    0   1.000e+00 8.311e-04 |
   142 3.161e-01 1.089e+01 | 1.167e-03    1 desired 9.151e-02    0 +6.539e-08 +5.462e-07   10     3 |    1   5.000e-01 5.837e-04 |
   143 3.161e-01 8.715e+00 | 5.633e-04    1 desired 9.151e-02    0 +3.513e-08 +1.364e-07   10     3 |    0   1.000e+00 5.633e-04 |
   144 3.161e-01 9.586e+00 | 6.612e-04    1 desired 9.151e-02    0 +2.416e-08 +1.829e-07   10     3 |    0   1.000e+00 6.612e-04 |
   145 3.161e-01 1.054e+01 | 8.741e-04    1 desired 9.151e-02    0 +3.869e-08 +3.098e-07   10     3 |    0   1.000e+00 8.741e-04 |
   146 3.161e-01 1.160e+01 | 1.392e-03    1 desired 9.151e-02    0 +1.036e-07 +7.590e-07   10     3 |    1   5.000e-01 6.962e-04 |
   147 3.161e-01 9.280e+00 | 6.310e-04    1 desired 9.151e-02    0 +6.837e-08 +1.682e-07   10     3 |    0   1.000e+00 6.310e-04 |
   148 3.161e-01 1.021e+01 | 8.515e-04    1 desired 9.151e-02    0 +7.052e-08 +2.972e-07   10     3 |    1   5.000e-01 4.258e-04 |
   149 3.161e-01 8.166e+00 | 3.869e-04    1 desired 9.151e-02    0 +2.342e-08 +6.545e-08   10     3 |    0   1.000e+00 3.869e-04 |
   150 3.161e-01 8.983e+00 | 4.294e-04    1 desired 9.151e-02    0 +1.061e-08 +7.863e-08   10     3 |    0   1.000e+00 4.294e-04 |
   151 3.161e-01 9.881e+00 | 5.117e-04    1 desired 9.151e-02    0 +1.200e-08 +1.085e-07   10     3 |    0   1.000e+00 5.117e-04 |
   152 3.161e-01 1.087e+01 | 7.013e-04    1 desired 9.151e-02    0 +2.202e-08 +1.972e-07   10     3 |    0   1.000e+00 7.013e-04 |
   153 3.161e-01 1.196e+01 | 1.170e-03    1 desired 9.151e-02    0 +7.428e-08 +5.301e-07   10     3 |    1   5.000e-01 5.852e-04 |
   154 3.161e-01 9.565e+00 | 5.391e-04    1 desired 9.151e-02    0 +5.304e-08 +1.216e-07   10     3 |    0   1.000e+00 5.391e-04 |
   155 3.161e-01 1.052e+01 | 7.729e-04    1 desired 9.151e-02    0 +6.656e-08 +2.424e-07   10     3 |    1   5.000e-01 3.864e-04 |
   156 3.161e-01 8.417e+00 | 3.233e-04    1 desired 9.151e-02    0 +2.462e-08 +4.537e-08   10     3 |    0   1.000e+00 3.233e-04 |
   157 3.161e-01 9.259e+00 | 3.760e-04    1 desired 9.151e-02    0 +1.419e-08 +5.977e-08   10     3 |    0   1.000e+00 3.760e-04 |
   158 3.161e-01 1.018e+01 | 4.931e-04    1 desired 9.151e-02    0 +1.724e-08 +9.976e-08   10     3 |    0   1.000e+00 4.931e-04 |
   159 3.161e-01 1.120e+01 | 7.581e-04    1 desired 9.151e-02    0 +3.700e-08 +2.280e-07   10     3 |    1   5.000e-01 3.790e-04 |
 Iters.   Obj.    alphak   |  aoptim   its.   Flag  Stepsize  baks    Gap       tarGap    #pz  #pnz | baks    stepsize  |dtaken| |
   160 3.161e-01 8.962e+00 | 3.286e-04    1 desired 9.151e-02    0 +2.056e-08 +4.607e-08   10     3 |    0   1.000e+00 3.286e-04 |
   161 3.161e-01 9.859e+00 | 4.202e-04    1 desired 9.151e-02    0 +1.749e-08 +7.320e-08   10     3 |    0   1.000e+00 4.202e-04 |
   162 3.161e-01 1.084e+01 | 6.300e-04    1 desired 9.151e-02    0 +2.968e-08 +1.593e-07   10     3 |    1   5.000e-01 3.150e-04 |
   163 3.161e-01 8.675e+00 | 2.629e-04    1 desired 9.151e-02    0 +1.412e-08 +2.975e-08   10     3 |    0   1.000e+00 2.629e-04 |
   164 3.161e-01 9.543e+00 | 3.224e-04    1 desired 9.151e-02    0 +9.570e-09 +4.355e-08   10     3 |    0   1.000e+00 3.224e-04 |
   165 3.161e-01 1.050e+01 | 4.507e-04    1 desired 9.151e-02    0 +1.429e-08 +8.249e-08   10     3 |    1   5.000e-01 2.254e-04 |
   166 3.161e-01 8.398e+00 | 1.994e-04    1 desired 9.151e-02    0 +5.909e-09 +1.727e-08   10     3 |    0   1.000e+00 1.994e-04 |
   167 3.161e-01 9.238e+00 | 2.286e-04    1 desired 9.151e-02    0 +3.308e-09 +2.210e-08   10     3 |    0   1.000e+00 2.286e-04 |
   168 3.161e-01 1.016e+01 | 2.906e-04    1 desired 9.151e-02    0 +4.204e-09 +3.468e-08   10     3 |    0   1.000e+00 2.906e-04 |
   169 3.161e-01 1.118e+01 | 4.334e-04    1 desired 9.151e-02    0 +9.531e-09 +7.459e-08   10     3 |    1   5.000e-01 2.167e-04 |
   170 3.161e-01 8.942e+00 | 1.975e-04    1 desired 9.151e-02    0 +5.565e-09 +1.666e-08   10     3 |    0   1.000e+00 1.975e-04 |
   171 3.161e-01 9.836e+00 | 2.457e-04    1 desired 9.151e-02    0 +4.677e-09 +2.504e-08   10     3 |    0   1.000e+00 2.457e-04 |
   172 3.161e-01 1.082e+01 | 3.570e-04    1 desired 9.151e-02    0 +8.056e-09 +5.119e-08   10     3 |    1   5.000e-01 1.785e-04 |
   173 3.161e-01 8.656e+00 | 1.588e-04    1 desired 9.151e-02    0 +3.940e-09 +1.086e-08   10     3 |    0   1.000e+00 1.588e-04 |
   174 3.161e-01 9.522e+00 | 1.897e-04    1 desired 9.151e-02    0 +2.615e-09 +1.508e-08   10     3 |    0   1.000e+00 1.897e-04 |
   175 3.161e-01 1.047e+01 | 2.559e-04    1 desired 9.151e-02    0 +3.944e-09 +2.662e-08   10     3 |    0   1.000e+00 2.559e-04 |
   176 3.161e-01 1.152e+01 | 4.139e-04    1 desired 9.151e-02    0 +9.977e-09 +6.725e-08   10     3 |    1   5.000e-01 2.069e-04 |
   177 3.161e-01 9.217e+00 | 1.796e-04    1 desired 9.151e-02    0 +6.352e-09 +1.366e-08   10     3 |    0   1.000e+00 1.796e-04 |
   178 3.161e-01 1.014e+01 | 2.445e-04    1 desired 9.151e-02    0 +6.285e-09 +2.457e-08   10     3 |    1   5.000e-01 1.223e-04 |
   179 3.161e-01 8.111e+00 | 1.056e-04    1 desired 9.151e-02    0 +2.005e-09 +4.885e-09   10     3 |    0   1.000e+00 1.056e-04 |
   180 3.161e-01 8.922e+00 | 1.174e-04    1 desired 9.151e-02    0 +8.674e-10 +5.886e-09   10     3 |    0   1.000e+00 1.174e-04 |
   181 3.161e-01 9.814e+00 | 1.404e-04    1 desired 9.151e-02    0 +9.501e-10 +8.179e-09   10     3 |    0   1.000e+00 1.404e-04 |
   182 3.161e-01 1.080e+01 | 1.927e-04    1 desired 9.151e-02    0 +1.686e-09 +1.493e-08   10     3 |    1   5.000e-01 9.636e-05 |
   183 3.161e-01 8.636e+00 | 9.525e-05    1 desired 9.151e-02    0 +8.839e-10 +3.911e-09   10     3 |    0   1.000e+00 9.525e-05 |
   184 3.161e-01 9.500e+00 | 1.097e-04    1 desired 9.151e-02    0 +5.693e-10 +5.050e-09   10     3 |    0   1.000e+00 1.097e-04 |
   185 3.161e-01 1.045e+01 | 1.404e-04    1 desired 9.151e-02    0 +8.829e-10 +8.017e-09   10     3 |    0   1.000e+00 1.404e-04 |
   186 3.161e-01 1.150e+01 | 2.154e-04    1 desired 9.151e-02    0 +2.274e-09 +1.822e-08   10     3 |    1   5.000e-01 1.077e-04 |
   187 3.161e-01 9.196e+00 | 1.007e-04    1 desired 9.151e-02    0 +1.479e-09 +4.296e-09   10     3 |    0   1.000e+00 1.007e-04 |
   188 3.161e-01 1.012e+01 | 1.307e-04    1 desired 9.151e-02    0 +1.442e-09 +7.028e-09   10     3 |    0   1.000e+00 1.307e-04 |
   189 3.161e-01 1.113e+01 | 1.996e-04    1 desired 9.151e-02    0 +2.884e-09 +1.585e-08   10     3 |    1   5.000e-01 9.982e-05 |
   190 3.161e-01 8.902e+00 | 8.640e-05    1 desired 9.151e-02    0 +1.508e-09 +3.191e-09   10     3 |    0   1.000e+00 8.640e-05 |
   191 3.161e-01 9.792e+00 | 1.091e-04    1 desired 9.151e-02    0 +1.229e-09 +4.947e-09   10     3 |    0   1.000e+00 1.091e-04 |
   192 3.161e-01 1.077e+01 | 1.606e-04    1 desired 9.151e-02    0 +1.992e-09 +1.038e-08   10     3 |    1   5.000e-01 8.030e-05 |
   193 3.161e-01 8.617e+00 | 6.827e-05    1 desired 9.151e-02    0 +9.083e-10 +2.010e-09   10     3 |    0   1.000e+00 6.827e-05 |
   194 3.161e-01 9.479e+00 | 8.222e-05    1 desired 9.151e-02    0 +5.895e-10 +2.837e-09   10     3 |    0   1.000e+00 8.222e-05 |
   195 3.161e-01 1.043e+01 | 1.120e-04    1 desired 9.151e-02    0 +8.512e-10 +5.109e-09   10     3 |    1   5.000e-01 5.602e-05 |
   196 3.161e-01 8.341e+00 | 5.191e-05    1 desired 9.151e-02    0 +3.404e-10 +1.172e-09   10     3 |    0   1.000e+00 5.191e-05 |
   197 3.161e-01 9.175e+00 | 5.848e-05    1 desired 9.151e-02    0 +1.822e-10 +1.449e-09   10     3 |    0   1.000e+00 5.848e-05 |
   198 3.161e-01 1.009e+01 | 7.203e-05    1 desired 9.151e-02    0 +2.245e-10 +2.135e-09   10     3 |    0   1.000e+00 7.203e-05 |
   199 3.161e-01 1.110e+01 | 1.032e-04    1 desired 9.151e-02    0 +4.948e-10 +4.239e-09   10     3 |    1   5.000e-01 5.160e-05 |
 Iters.   Obj.    alphak   |  aoptim   its.   Flag  Stepsize  baks    Gap       tarGap    #pz  #pnz | baks    stepsize  |dtaken| |
   200 3.161e-01 8.882e+00 | 4.971e-05    1 desired 9.151e-02    0 +2.841e-10 +1.057e-09   10     3 |    0   1.000e+00 4.971e-05 |
   201 3.161e-01 9.770e+00 | 5.973e-05    1 desired 9.151e-02    0 +2.290e-10 +1.483e-09   10     3 |    0   1.000e+00 5.973e-05 |
   202 3.161e-01 1.075e+01 | 8.288e-05    1 desired 9.151e-02    0 +3.833e-10 +2.767e-09   10     3 |    1   5.000e-01 4.144e-05 |
   203 3.161e-01 8.597e+00 | 4.001e-05    1 desired 9.151e-02    0 +1.849e-10 +6.909e-10   10     3 |    0   1.000e+00 4.001e-05 |
   204 3.161e-01 9.457e+00 | 4.620e-05    1 desired 9.151e-02    0 +1.166e-10 +8.965e-10   10     3 |    0   1.000e+00 4.620e-05 |
   205 3.161e-01 1.040e+01 | 5.910e-05    1 desired 9.151e-02    0 +1.728e-10 +1.423e-09   10     3 |    0   1.000e+00 5.910e-05 |
   206 3.161e-01 1.144e+01 | 9.053e-05    1 desired 9.151e-02    0 +4.252e-10 +3.226e-09   10     3 |    1   5.000e-01 4.527e-05 |
   207 3.161e-01 9.155e+00 | 4.198e-05    1 desired 9.151e-02    0 +2.685e-10 +7.473e-10   10     3 |    0   1.000e+00 4.198e-05 |
   208 3.161e-01 1.007e+01 | 5.425e-05    1 desired 9.151e-02    0 +2.545e-10 +1.212e-09   10     3 |    0   1.000e+00 5.425e-05 |
   209 3.161e-01 1.108e+01 | 8.226e-05    1 desired 9.151e-02    0 +4.954e-10 +2.695e-09   10     3 |    1   5.000e-01 4.113e-05 |
   210 3.161e-01 8.862e+00 | 3.559e-05    1 desired 9.151e-02    0 +2.536e-10 +5.421e-10   10     3 |    0   1.000e+00 3.559e-05 |
   211 3.161e-01 9.748e+00 | 4.456e-05    1 desired 9.151e-02    0 +2.011e-10 +8.261e-10   10     3 |    0   1.000e+00 4.456e-05 |
   212 3.161e-01 1.072e+01 | 6.485e-05    1 desired 9.151e-02    0 +3.190e-10 +1.695e-09   10     3 |    1   5.000e-01 3.242e-05 |
   213 3.161e-01 8.578e+00 | 2.791e-05    1 desired 9.151e-02    0 +1.431e-10 +3.363e-10   10     3 |    0   1.000e+00 2.791e-05 |
   214 3.161e-01 9.436e+00 | 3.324e-05    1 desired 9.151e-02    0 +9.008e-11 +4.644e-10   10     3 |    0   1.000e+00 3.324e-05 |
   215 3.161e-01 1.038e+01 | 4.456e-05    1 desired 9.151e-02    0 +1.280e-10 +8.093e-10   10     3 |    0   1.000e+00 4.456e-05 |
   216 3.161e-01 1.142e+01 | 7.130e-05    1 desired 9.151e-02    0 +3.045e-10 +2.002e-09   10     3 |    1   5.000e-01 3.565e-05 |
   217 3.161e-01 9.134e+00 | 3.061e-05    1 desired 9.151e-02    0 +1.869e-10 +3.977e-10   10     3 |    0   1.000e+00 3.061e-05 |
   218 3.161e-01 1.005e+01 | 4.105e-05    1 desired 9.151e-02    0 +1.750e-10 +6.942e-10   10     3 |    1   5.000e-01 2.052e-05 |
   219 3.161e-01 8.038e+00 | 1.806e-05    1 desired 9.151e-02    0 +5.353e-11 +1.431e-10   10     3 |    0   1.000e+00 1.806e-05 |
   220 3.161e-01 8.842e+00 | 1.987e-05    1 desired 9.151e-02    0 +2.162e-11 +1.691e-10   10     3 |    0   1.000e+00 1.987e-05 |
   221 3.161e-01 9.726e+00 | 2.328e-05    1 desired 9.151e-02    0 +2.294e-11 +2.256e-10   10     3 |    0   1.000e+00 2.328e-05 |
   222 3.161e-01 1.070e+01 | 3.094e-05    1 desired 9.151e-02    0 +3.898e-11 +3.862e-10   10     3 |    0   1.000e+00 3.094e-05 |
   223 3.161e-01 1.177e+01 | 4.980e-05    1 desired 9.151e-02    0 +1.231e-10 +9.656e-10   10     3 |    1   5.000e-01 2.490e-05 |
   224 3.161e-01 9.415e+00 | 2.301e-05    1 desired 9.151e-02    0 +8.539e-11 +2.227e-10   10     3 |    0   1.000e+00 2.301e-05 |
   225 3.161e-01 1.036e+01 | 3.160e-05    1 desired 9.151e-02    0 +9.826e-11 +4.074e-10   10     3 |    1   5.000e-01 1.580e-05 |
   226 3.161e-01 8.285e+00 | 1.414e-05    1 desired 9.151e-02    0 +3.448e-11 +8.708e-11   10     3 |    0   1.000e+00 1.414e-05 |
   227 3.161e-01 9.113e+00 | 1.589e-05    1 desired 9.151e-02    0 +1.786e-11 +1.072e-10   10     3 |    0   1.000e+00 1.589e-05 |
   228 3.161e-01 1.002e+01 | 1.962e-05    1 desired 9.151e-02    0 +2.045e-11 +1.588e-10   10     3 |    0   1.000e+00 1.962e-05 |
   229 3.161e-01 1.103e+01 | 2.803e-05    1 desired 9.151e-02    0 +4.162e-11 +3.136e-10   10     3 |    1   5.000e-01 1.402e-05 |
   230 3.161e-01 8.822e+00 | 1.335e-05    1 desired 9.151e-02    0 +2.244e-11 +7.638e-11   10     3 |    0   1.000e+00 1.335e-05 |
   231 3.161e-01 9.704e+00 | 1.595e-05    1 desired 9.151e-02    0 +1.733e-11 +1.060e-10   10     3 |    0   1.000e+00 1.595e-05 |
   232 3.161e-01 1.067e+01 | 2.191e-05    1 desired 9.151e-02    0 +2.772e-11 +1.938e-10   10     3 |    1   5.000e-01 1.096e-05 |
   233 3.161e-01 8.539e+00 | 1.065e-05    1 desired 9.151e-02    0 +1.283e-11 +4.899e-11   10     3 |    0   1.000e+00 1.065e-05 |
   234 3.161e-01 9.393e+00 | 1.218e-05    1 desired 9.151e-02    0 +7.740e-12 +6.244e-11   10     3 |    0   1.000e+00 1.218e-05 |
   235 3.161e-01 1.033e+01 | 1.532e-05    1 desired 9.151e-02    0 +1.110e-11 +9.583e-11   10     3 |    0   1.000e+00 1.532e-05 |
   236 3.161e-01 1.137e+01 | 2.296e-05    1 desired 9.151e-02    0 +2.633e-11 +2.081e-10   10     3 |    1   5.000e-01 1.148e-05 |
   237 3.161e-01 9.093e+00 | 1.084e-05    1 desired 9.151e-02    0 +1.634e-11 +4.997e-11   10     3 |    0   1.000e+00 1.084e-05 |
   238 3.161e-01 1.000e+01 | 1.370e-05    1 desired 9.151e-02    0 +1.484e-11 +7.750e-11   10     3 |    0   1.000e+00 1.370e-05 |
   239 3.161e-01 1.100e+01 | 2.023e-05    1 desired 9.151e-02    0 +2.816e-11 +1.634e-10   10     3 |    1   5.000e-01 1.011e-05 |
 Iters.   Obj.    alphak   |  aoptim   its.   Flag  Stepsize  baks    Gap       tarGap    #pz  #pnz | baks    stepsize  |dtaken| |
   240 3.161e-01 8.802e+00 | 9.055e-06    1 desired 9.151e-02    0 +1.415e-11 +3.516e-11   10     3 |    0   1.000e+00 9.055e-06 |
   241 3.161e-01 9.682e+00 | 1.104e-05    1 desired 9.151e-02    0 +1.077e-11 +5.087e-11   10     3 |    0   1.000e+00 1.104e-05 |
   242 3.161e-01 1.065e+01 | 1.554e-05    1 desired 9.151e-02    0 +1.664e-11 +9.761e-11   10     3 |    1   5.000e-01 7.772e-06 |
   243 3.161e-01 8.520e+00 | 7.104e-06    1 desired 9.151e-02    0 +7.358e-12 +2.183e-11   10     3 |    0   1.000e+00 7.104e-06 |
   244 3.161e-01 9.372e+00 | 8.237e-06    1 desired 9.151e-02    0 +4.408e-12 +2.858e-11   10     3 |    0   1.000e+00 8.237e-06 |
   245 3.161e-01 1.031e+01 | 1.059e-05    1 desired 9.151e-02    0 +6.150e-12 +4.583e-11   10     3 |    0   1.000e+00 1.059e-05 |
   246 3.161e-01 1.134e+01 | 1.623e-05    1 desired 9.151e-02    0 +1.426e-11 +1.041e-10   10     3 |    1   5.000e-01 8.117e-06 |
   247 3.161e-01 9.072e+00 | 7.349e-06    1 desired 9.151e-02    0 +8.684e-12 +2.296e-11   10     3 |    0   1.000e+00 7.349e-06 |
   248 3.161e-01 9.979e+00 | 9.442e-06    1 desired 9.151e-02    0 +7.785e-12 +3.682e-11   10     3 |    0   1.000e+00 9.442e-06 |
   249 3.161e-01 1.098e+01 | 1.418e-05    1 desired 9.151e-02    0 +1.453e-11 +8.035e-11   10     3 |    1   5.000e-01 7.089e-06 |
   250 3.161e-01 8.782e+00 | 6.087e-06    1 desired 9.151e-02    0 +7.220e-12 +1.590e-11   10     3 |    0   1.000e+00 6.087e-06 |
   251 3.161e-01 9.660e+00 | 7.520e-06    1 desired 9.151e-02    0 +5.412e-12 +2.360e-11   10     3 |    0   1.000e+00 7.520e-06 |
   252 3.161e-01 1.063e+01 | 1.074e-05    1 desired 9.151e-02    0 +8.283e-12 +4.664e-11   10     3 |    1   5.000e-01 5.370e-06 |
   253 3.161e-01 8.501e+00 | 4.705e-06    1 desired 9.151e-02    0 +3.626e-12 +9.583e-12   10     3 |    0   1.000e+00 4.705e-06 |
   254 3.161e-01 9.351e+00 | 5.504e-06    1 desired 9.151e-02    0 +2.142e-12 +1.277e-11   10     3 |    0   1.000e+00 5.504e-06 |
   255 3.161e-01 1.029e+01 | 7.170e-06    1 desired 9.151e-02    0 +2.957e-12 +2.102e-11   10     3 |    0   1.000e+00 7.170e-06 |
   256 3.161e-01 1.131e+01 | 1.112e-05    1 desired 9.151e-02    0 +6.799e-12 +4.890e-11   10     3 |    1   5.000e-01 5.562e-06 |
   257 3.161e-01 9.052e+00 | 4.902e-06    1 desired 9.151e-02    0 +4.121e-12 +1.023e-11   10     3 |    0   1.000e+00 4.902e-06 |
   258 3.161e-01 9.957e+00 | 6.356e-06    1 desired 9.151e-02    0 +3.646e-12 +1.669e-11   10     3 |    0   1.000e+00 6.356e-06 |
   259 3.161e-01 1.095e+01 | 9.623e-06    1 desired 9.151e-02    0 +6.745e-12 +3.704e-11   10     3 |    1   5.000e-01 4.812e-06 |
   260 3.161e-01 8.762e+00 | 4.029e-06    1 desired 9.151e-02    0 +3.336e-12 +6.969e-12   10     3 |    0   1.000e+00 4.029e-06 |
   261 3.161e-01 9.638e+00 | 5.008e-06    1 desired 9.151e-02    0 +2.463e-12 +1.047e-11   10     3 |    0   1.000e+00 5.008e-06 |
   262 3.161e-01 1.060e+01 | 7.196e-06    1 desired 9.151e-02    0 +3.744e-12 +2.096e-11   10     3 |    1   5.000e-01 3.598e-06 |
   263 3.161e-01 8.482e+00 | 3.080e-06    1 desired 9.151e-02    0 +1.631e-12 +4.109e-12   10     3 |    0   1.000e+00 3.080e-06 |
   264 3.161e-01 9.330e+00 | 3.616e-06    1 desired 9.151e-02    0 +9.484e-13 +5.513e-12   10     3 |    0   1.000e+00 3.616e-06 |
   265 3.161e-01 1.026e+01 | 4.733e-06    1 desired 9.151e-02    0 +1.300e-12 +9.165e-12   10     3 |    0   1.000e+00 4.733e-06 |
   266 3.161e-01 1.129e+01 | 7.367e-06    1 desired 9.151e-02    0 +2.968e-12 +2.147e-11   10     3 |    1   5.000e-01 3.684e-06 |
   267 3.161e-01 9.031e+00 | 3.206e-06    1 desired 9.151e-02    0 +1.794e-12 +4.376e-12   10     3 |    0   1.000e+00 3.206e-06 |
   268 3.161e-01 9.934e+00 | 4.164e-06    1 desired 9.151e-02    0 +1.565e-12 +7.170e-12   10     3 |    0   1.000e+00 4.164e-06 |
   269 3.161e-01 1.093e+01 | 6.309e-06    1 desired 9.151e-02    0 +2.874e-12 +1.594e-11   10     3 |    1   5.000e-01 3.155e-06 |
   270 3.161e-01 8.742e+00 | 2.617e-06    1 desired 9.151e-02    0 +1.416e-12 +2.941e-12   10     3 |    0   1.000e+00 2.617e-06 |
   271 3.161e-01 9.617e+00 | 3.251e-06    1 desired 9.151e-02    0 +1.030e-12 +4.416e-12   10     3 |    0   1.000e+00 3.251e-06 |
   272 3.161e-01 1.058e+01 | 4.666e-06    1 desired 9.151e-02    0 +1.555e-12 +8.817e-12   10     3 |    1   5.000e-01 2.333e-06 |
   273 3.161e-01 8.463e+00 | 1.989e-06    1 desired 9.151e-02    0 +6.745e-13 +1.714e-12   10     3 |    0   1.000e+00 1.989e-06 |
   274 3.161e-01 9.309e+00 | 2.330e-06    1 desired 9.151e-02    0 +3.858e-13 +2.291e-12   10     3 |    0   1.000e+00 2.330e-06 |
   275 3.161e-01 1.024e+01 | 3.040e-06    1 desired 9.151e-02    0 +5.256e-13 +3.783e-12   10     3 |    0   1.000e+00 3.040e-06 |
   276 3.161e-01 1.126e+01 | 4.712e-06    1 desired 9.151e-02    0 +1.191e-12 +8.789e-12   10     3 |    1   5.000e-01 2.356e-06 |
   277 3.161e-01 9.011e+00 | 2.052e-06    1 desired 9.151e-02    0 +7.183e-13 +1.794e-12   10     3 |    0   1.000e+00 2.052e-06 |
   278 3.161e-01 9.912e+00 | 2.652e-06    1 desired 9.151e-02    0 +6.177e-13 +2.910e-12   10     3 |    0   1.000e+00 2.652e-06 |
   279 3.161e-01 1.090e+01 | 3.993e-06    1 desired 9.151e-02    0 +1.127e-12 +6.389e-12   10     3 |    1   5.000e-01 1.997e-06 |
 Iters.   Obj.    alphak   |  aoptim   its.   Flag  Stepsize  baks    Gap       tarGap    #pz  #pnz | baks    stepsize  |dtaken| |
   280 3.161e-01 8.723e+00 | 1.666e-06    1 desired 9.151e-02    0 +5.530e-13 +1.194e-12   10     3 |    0   1.000e+00 1.666e-06 |
   281 3.161e-01 9.595e+00 | 2.057e-06    1 desired 9.151e-02    0 +3.965e-13 +1.769e-12   10     3 |    0   1.000e+00 2.057e-06 |
   282 3.161e-01 1.055e+01 | 2.927e-06    1 desired 9.151e-02    0 +5.941e-13 +3.473e-12   10     3 |    1   5.000e-01 1.464e-06 |
   283 3.161e-01 8.443e+00 | 1.266e-06    1 desired 9.151e-02    0 +2.568e-13 +6.952e-13   10     3 |    0   1.000e+00 1.266e-06 |
   284 3.161e-01 9.288e+00 | 1.473e-06    1 desired 9.151e-02    0 +1.444e-13 +9.165e-13   10     3 |    0   1.000e+00 1.473e-06 |
   285 3.161e-01 1.022e+01 | 1.901e-06    1 desired 9.151e-02    0 +1.956e-13 +1.480e-12   10     3 |    0   1.000e+00 1.901e-06 |
   286 3.161e-01 1.124e+01 | 2.911e-06    1 desired 9.151e-02    0 +4.398e-13 +3.357e-12   10     3 |    1   5.000e-01 1.455e-06 |
   287 3.161e-01 8.991e+00 | 1.287e-06    1 desired 9.151e-02    0 +2.648e-13 +7.066e-13   10     3 |    0   1.000e+00 1.287e-06 |
   288 3.161e-01 9.890e+00 | 1.644e-06    1 desired 9.151e-02    0 +2.243e-13 +1.119e-12   10     3 |    0   1.000e+00 1.644e-06 |
   289 3.161e-01 1.088e+01 | 2.442e-06    1 desired 9.151e-02    0 +4.067e-13 +2.391e-12   10     3 |    1   5.000e-01 1.221e-06 |
   290 3.161e-01 8.703e+00 | 1.043e-06    1 desired 9.151e-02    0 +1.987e-13 +4.676e-13   10     3 |    0   1.000e+00 1.043e-06 |
   291 3.161e-01 9.573e+00 | 1.271e-06    1 desired 9.151e-02    0 +1.405e-13 +6.756e-13   10     3 |    0   1.000e+00 1.271e-06 |
   292 3.161e-01 1.053e+01 | 1.779e-06    1 desired 9.151e-02    0 +2.088e-13 +1.284e-12   10     3 |    1   5.000e-01 8.897e-07 |
   293 3.161e-01 8.424e+00 | 7.972e-07    1 desired 9.151e-02    0 +8.998e-14 +2.757e-13   10     3 |    0   1.000e+00 7.972e-07 |
   294 3.161e-01 9.267e+00 | 9.167e-07    1 desired 9.151e-02    0 +4.968e-14 +3.551e-13   10     3 |    0   1.000e+00 9.167e-07 |
   295 3.161e-01 1.019e+01 | 1.160e-06    1 desired 9.151e-02    0 +6.703e-14 +5.521e-13   10     3 |    0   1.000e+00 1.160e-06 |
   296 3.161e-01 1.121e+01 | 1.740e-06    1 desired 9.151e-02    0 +1.494e-13 +1.200e-12   10     3 |    1   5.000e-01 8.699e-07 |
   297 3.161e-01 8.970e+00 | 7.945e-07    1 desired 9.151e-02    0 +8.982e-14 +2.692e-13   10     3 |    0   1.000e+00 7.945e-07 |
   298 3.161e-01 9.867e+00 | 9.950e-07    1 desired 9.151e-02    0 +7.488e-14 +4.104e-13   10     3 |    0   1.000e+00 9.950e-07 |
   299 3.161e-01 1.085e+01 | 1.446e-06    1 desired 9.151e-02    0 +1.351e-13 +8.392e-13   10     3 |    1   5.000e-01 7.230e-07 |
   300 3.161e-01 8.683e+00 | 6.439e-07    1 desired 9.151e-02    0 +6.575e-14 +1.785e-13   10     3 |    0   1.000e+00 6.439e-07 |
   301 3.161e-01 9.552e+00 | 7.702e-07    1 desired 9.151e-02    0 +4.591e-14 +2.484e-13   10     3 |    0   1.000e+00 7.702e-07 |
   302 3.161e-01 1.051e+01 | 1.052e-06    1 desired 9.151e-02    0 +6.753e-14 +4.491e-13   10     3 |    1   5.000e-01 5.259e-07 |
   303 3.161e-01 8.405e+00 | 4.985e-07    1 desired 9.151e-02    0 +2.898e-14 +1.079e-13   10     3 |    0   1.000e+00 4.985e-07 |
   304 3.161e-01 9.246e+00 | 5.646e-07    1 desired 9.151e-02    0 +1.571e-14 +1.348e-13   10     3 |    0   1.000e+00 5.646e-07 |
   305 3.161e-01 1.017e+01 | 6.957e-07    1 desired 9.151e-02    0 +2.121e-14 +1.987e-13   10     3 |    0   1.000e+00 6.957e-07 |
   306 3.161e-01 1.119e+01 | 1.011e-06    1 desired 9.151e-02    0 +4.668e-14 +4.053e-13   10     3 |    1   5.000e-01 5.053e-07 |
   307 3.161e-01 8.950e+00 | 4.854e-07    1 desired 9.151e-02    0 +2.801e-14 +1.006e-13   10     3 |    0   1.000e+00 4.854e-07 |
   308 3.161e-01 9.845e+00 | 5.924e-07    1 desired 9.151e-02    0 +2.298e-14 +1.455e-13   10     3 |    0   1.000e+00 5.924e-07 |
   309 3.161e-01 1.083e+01 | 8.332e-07    1 desired 9.151e-02    0 +4.130e-14 +2.788e-13   10     3 |    1   5.000e-01 4.166e-07 |
   310 3.161e-01 8.664e+00 | 3.952e-07    1 desired 9.151e-02    0 +2.001e-14 +6.726e-14   10     3 |
==============================
Exit: Optimal Solution Found

Final Results
==============================
Iterations:.................................................................310
CPU seconds:................................................................0.7184
# zero groups:..............................................................10
Objective function:.........................................................3.161381e-01
Optimality error:...........................................................9.840323e-07
Function evaluations:.......................................................495
Gradient evaluations:.......................................................311

================================================================================
       Inexact Proximal Gradient Type Method   (version:0.1 (2021-09-17))  
================================================================================
Problem Summary: Excuted at 2021-10-1 21:44
Dataset:.......................................mushrooms
Data Size:......................................n=8124, p=112
Loss Function:..................................Logistic
Regularizer:....................................Overlapping Group L1
Penalty Parameter:..............................lambda=0.0095
Number of groups:..............................13

Algorithm Parameters:
Termination Conditions: accuracy: 1e-06 | optim scaled: False | time limits:3600.0 | iteration limits:100000
Inexact Strategy: yd: gamma:1.000e-01
Lineserch Parameters: eta:1e-05 | xi:0.5 | beta:1.1
Proximal Stepsize update: heuristic
****************************************************************************************************
 Iters.   Obj.    alphak   |  aoptim   its.   Flag  Stepsize  baks    Gap       tarGap    #pz  #pnz | baks    stepsize  |dtaken| |
     0 6.931e-01 1.000e+00 | 4.643e-01    1 desired 1.000e+00    0 +4.427e-04 +4.574e-02    0    13 |    0   1.000e+00 4.643e-01 |
     1 5.276e-01 1.100e+00 | 3.124e-01    1 desired 1.000e+00    0 +8.955e-04 +2.326e-02    0    13 |    0   1.000e+00 3.124e-01 |
     2 4.603e-01 1.210e+00 | 2.387e-01    1 desired 1.000e+00    0 +4.675e-04 +1.505e-02    0    13 |    0   1.000e+00 2.387e-01 |
     3 4.270e-01 1.331e+00 | 2.065e-01    1 desired 1.000e+00    0 +3.390e-03 +1.233e-02    0    13 |    0   1.000e+00 2.065e-01 |
     4 4.078e-01 1.464e+00 | 1.871e-01    1 desired 1.000e+00    0 +8.395e-04 +1.095e-02    0    13 |    0   1.000e+00 1.871e-01 |
     5 3.930e-01 1.611e+00 | 1.806e-01    1 desired 1.000e+00    0 +6.732e-03 +1.095e-02    0    13 |    0   1.000e+00 1.806e-01 |
     6 3.847e-01 1.772e+00 | 1.656e-01    1 desired 1.000e+00    0 +1.616e-03 +9.793e-03    0    13 |    0   1.000e+00 1.656e-01 |
     7 3.742e-01 1.949e+00 | 1.631e-01    2 desired 1.100e+00    0 +9.640e-03 +1.002e-02    0    13 |    0   1.000e+00 1.631e-01 |
     8 3.738e-01 2.144e+00 | 2.594e-01    1 desired 1.100e+00    0 +2.003e-02 +2.657e-02    0    13 |    0   1.000e+00 2.594e-01 |
     9 3.715e-01 2.358e+00 | 2.674e-01    1 desired 1.100e+00    0 +7.638e-03 +2.940e-02    0    13 |    1   5.000e-01 1.337e-01 |
    10 3.623e-01 1.886e+00 | 1.358e-01    4 desired 6.655e-01    1 +5.535e-03 +6.825e-03    0    13 |    0   1.000e+00 1.358e-01 |
    11 3.597e-01 2.075e+00 | 1.142e-01    2 desired 3.660e-01    1 +3.764e-03 +5.071e-03    0    13 |    0   1.000e+00 1.142e-01 |
    12 3.566e-01 2.282e+00 | 1.320e-01    1 desired 3.660e-01    0 +3.360e-03 +7.069e-03    0    13 |    0   1.000e+00 1.320e-01 |
    13 3.525e-01 2.511e+00 | 1.671e-01    1 desired 3.660e-01    0 +1.050e-02 +1.175e-02    0    13 |    1   5.000e-01 8.354e-02 |
    14 3.500e-01 2.009e+00 | 7.939e-02    3 desired 4.429e-01    0 +2.106e-03 +2.413e-03    0    13 |    0   1.000e+00 7.939e-02 |
    15 3.474e-01 2.209e+00 | 6.860e-02    2 desired 2.436e-01    1 +3.281e-04 +1.884e-03    0    13 |    0   1.000e+00 6.860e-02 |
    16 3.442e-01 2.430e+00 | 6.961e-02    1 desired 2.436e-01    0 +5.043e-04 +2.015e-03    0    13 |    0   1.000e+00 6.961e-02 |
    17 3.425e-01 2.673e+00 | 7.459e-02    1 desired 2.436e-01    0 +1.904e-04 +2.390e-03    0    13 |    0   1.000e+00 7.459e-02 |
    18 3.404e-01 2.941e+00 | 8.209e-02    1 desired 2.436e-01    0 +6.157e-04 +2.974e-03    0    13 |    0   1.000e+00 8.209e-02 |
    19 3.391e-01 3.235e+00 | 9.653e-02    1 desired 2.436e-01    0 +8.073e-04 +4.201e-03    0    13 |    0   1.000e+00 9.653e-02 |
    20 3.378e-01 3.558e+00 | 1.288e-01    1 desired 2.436e-01    0 +2.910e-03 +7.599e-03    0    13 |    1   5.000e-01 6.438e-02 |
    21 3.363e-01 2.847e+00 | 7.609e-02    1 desired 2.436e-01    0 +1.761e-03 +2.533e-03    0    13 |    0   1.000e+00 7.609e-02 |
    22 3.358e-01 3.131e+00 | 9.635e-02    1 desired 2.436e-01    0 +2.937e-03 +4.157e-03    0    13 |    0   1.000e+00 9.635e-02 |
    23 3.355e-01 3.444e+00 | 1.367e-01    1 desired 2.436e-01    0 +5.360e-03 +8.526e-03    0    13 |    0   1.000e+00 1.367e-01 |
    24 3.354e-01 3.789e+00 | 2.016e-01    1 desired 2.436e-01    0 +1.364e-02 +1.877e-02    0    13 |    1   5.000e-01 1.008e-01 |
    25 3.323e-01 3.031e+00 | 5.943e-02    5 desired 1.783e-01    1 +1.921e-04 +1.570e-03    0    13 |    0   1.000e+00 5.943e-02 |
    26 3.297e-01 3.334e+00 | 5.810e-02    1 desired 1.783e-01    0 +5.739e-04 +1.531e-03    0    13 |    0   1.000e+00 5.810e-02 |
    27 3.291e-01 3.668e+00 | 6.198e-02    1 desired 1.783e-01    0 +5.056e-04 +1.768e-03    0    13 |    0   1.000e+00 6.198e-02 |
    28 3.281e-01 4.034e+00 | 6.839e-02    1 desired 1.783e-01    0 +5.658e-04 +2.174e-03    0    13 |    0   1.000e+00 6.839e-02 |
    29 3.273e-01 4.438e+00 | 8.276e-02    1 desired 1.783e-01    0 +7.856e-04 +3.201e-03    0    13 |    0   1.000e+00 8.276e-02 |
    30 3.269e-01 4.882e+00 | 1.141e-01    1 desired 1.783e-01    0 +1.443e-03 +6.095e-03    0    13 |    1   5.000e-01 5.707e-02 |
    31 3.257e-01 3.905e+00 | 6.040e-02    2 desired 1.962e-01    0 +6.370e-04 +1.691e-03    0    13 |    0   1.000e+00 6.040e-02 |
    32 3.253e-01 4.296e+00 | 7.113e-02    1 desired 1.962e-01    0 +8.044e-04 +2.361e-03    0    13 |    0   1.000e+00 7.113e-02 |
    33 3.251e-01 4.725e+00 | 1.034e-01    1 desired 1.962e-01    0 +1.840e-03 +5.004e-03    0    13 |    1   5.000e-01 5.171e-02 |
    34 3.242e-01 3.780e+00 | 4.915e-02    3 desired 2.373e-01    0 +5.623e-04 +1.116e-03    0    13 |    0   1.000e+00 4.915e-02 |
    35 3.235e-01 4.158e+00 | 4.742e-02    2 desired 1.305e-01    1 +1.419e-04 +1.047e-03    0    13 |    0   1.000e+00 4.742e-02 |
    36 3.226e-01 4.574e+00 | 5.013e-02    1 desired 1.305e-01    0 +4.581e-04 +1.175e-03    0    13 |    0   1.000e+00 5.013e-02 |
    37 3.225e-01 5.032e+00 | 5.815e-02    1 desired 1.305e-01    0 +5.847e-04 +1.581e-03    0    13 |    0   1.000e+00 5.815e-02 |
    38 3.222e-01 5.535e+00 | 8.493e-02    1 desired 1.305e-01    0 +1.697e-03 +3.356e-03    0    13 |    1   5.000e-01 4.247e-02 |
    39 3.219e-01 4.428e+00 | 5.493e-02    2 desired 1.436e-01    0 +8.256e-04 +1.410e-03    0    13 |    1   5.000e-01 2.746e-02 |
 Iters.   Obj.    alphak   |  aoptim   its.   Flag  Stepsize  baks    Gap       tarGap    #pz  #pnz | baks    stepsize  |dtaken| |
    40 3.212e-01 3.542e+00 | 3.542e-02    2 desired 1.580e-01    0 +4.660e-04 +5.744e-04    0    13 |    0   1.000e+00 3.542e-02 |
    41 3.212e-01 3.897e+00 | 4.323e-02    1 desired 1.580e-01    0 +7.692e-04 +8.658e-04    0    13 |    1   5.000e-01 2.161e-02 |
    42 3.207e-01 3.117e+00 | 2.903e-02    2 desired 1.737e-01    0 +2.589e-04 +3.770e-04    0    13 |    0   1.000e+00 2.903e-02 |
    43 3.206e-01 3.429e+00 | 3.260e-02    1 desired 1.737e-01    0 +4.794e-04 +4.843e-04    0    13 |    0   1.000e+00 3.260e-02 |
    44 3.206e-01 3.772e+00 | 4.018e-02    1 desired 1.737e-01    0 +5.956e-04 +7.454e-04    0    13 |    0   1.000e+00 4.018e-02 |
    45 3.205e-01 4.149e+00 | 5.467e-02    1 desired 1.737e-01    0 +1.323e-03 +1.392e-03    0    13 |    1   5.000e-01 2.733e-02 |
    46 3.200e-01 3.319e+00 | 2.960e-02    2 desired 1.911e-01    0 +3.344e-04 +3.969e-04    0    13 |    0   1.000e+00 2.960e-02 |
    47 3.198e-01 3.651e+00 | 3.289e-02    2 desired 2.102e-01    0 +1.490e-04 +4.977e-04    0    13 |    0   1.000e+00 3.289e-02 |
    48 3.194e-01 4.016e+00 | 3.611e-02    1 desired 2.102e-01    0 +4.206e-04 +6.059e-04    0    13 |    1   5.000e-01 1.805e-02 |
    49 3.193e-01 3.213e+00 | 2.434e-02    2 desired 2.313e-01    0 +1.097e-04 +2.668e-04    0    13 |    0   1.000e+00 2.434e-02 |
    50 3.190e-01 3.534e+00 | 2.646e-02    1 desired 2.313e-01    0 +8.419e-05 +3.206e-04    0    13 |    0   1.000e+00 2.646e-02 |
    51 3.188e-01 3.888e+00 | 2.838e-02    1 desired 2.313e-01    0 +2.061e-04 +3.732e-04    0    13 |    0   1.000e+00 2.838e-02 |
    52 3.187e-01 4.277e+00 | 3.113e-02    1 desired 2.313e-01    0 +4.223e-04 +4.523e-04    0    13 |    0   1.000e+00 3.113e-02 |
    53 3.187e-01 4.704e+00 | 3.205e-02    2 desired 1.272e-01    1 +2.527e-04 +4.806e-04    0    13 |    0   1.000e+00 3.205e-02 |
    54 3.184e-01 5.175e+00 | 3.411e-02    1 desired 1.272e-01    0 +2.448e-04 +5.435e-04    0    13 |    0   1.000e+00 3.411e-02 |
    55 3.181e-01 5.692e+00 | 3.770e-02    1 desired 1.272e-01    0 +2.518e-04 +6.599e-04    0    13 |    0   1.000e+00 3.770e-02 |
    56 3.179e-01 6.261e+00 | 4.700e-02    1 desired 1.272e-01    0 +7.273e-04 +1.015e-03    0    13 |    1   5.000e-01 2.350e-02 |
    57 3.178e-01 5.009e+00 | 2.927e-02    2 desired 1.399e-01    0 +3.868e-04 +4.004e-04    0    13 |    1   5.000e-01 1.463e-02 |
    58 3.176e-01 4.007e+00 | 2.078e-02    2 desired 1.539e-01    0 +1.827e-04 +2.006e-04    0    13 |    0   1.000e+00 2.078e-02 |
    59 3.176e-01 4.408e+00 | 2.183e-02    2 desired 1.693e-01    0 +1.105e-04 +2.226e-04    0    13 |    0   1.000e+00 2.183e-02 |
    60 3.174e-01 4.849e+00 | 2.376e-02    2 desired 1.862e-01    0 +1.420e-04 +2.640e-04    0    13 |    0   1.000e+00 2.376e-02 |
    61 3.173e-01 5.334e+00 | 2.395e-02    1 desired 1.862e-01    0 +6.707e-05 +2.674e-04    0    13 |    0   1.000e+00 2.395e-02 |
    62 3.172e-01 5.867e+00 | 2.446e-02    2 desired 1.024e-01    1 +1.139e-04 +2.770e-04    0    13 |    0   1.000e+00 2.446e-02 |
    63 3.171e-01 6.454e+00 | 2.441e-02    2 desired 1.127e-01    0 +1.907e-04 +2.726e-04    0    13 |    0   1.000e+00 2.441e-02 |
    64 3.171e-01 7.099e+00 | 2.416e-02    2 desired 1.239e-01    0 +1.026e-04 +2.630e-04    0    13 |    0   1.000e+00 2.416e-02 |
    65 3.170e-01 7.809e+00 | 2.887e-02    1 desired 1.239e-01    0 +3.428e-04 +3.684e-04    0    13 |    4   6.250e-02 1.805e-03 |
    66 3.170e-01 6.247e+00 | 2.202e-02    1 desired 1.239e-01    0 +1.633e-04 +2.228e-04    0    13 |    0   1.000e+00 2.202e-02 |
    67 3.170e-01 6.872e+00 | 2.157e-02    2 desired 1.363e-01    0 +4.744e-05 +2.109e-04    0    13 |    0   1.000e+00 2.157e-02 |
    68 3.168e-01 7.559e+00 | 2.213e-02    2 desired 7.498e-02    1 +5.527e-05 +2.179e-04    0    13 |    0   1.000e+00 2.213e-02 |
    69 3.168e-01 8.315e+00 | 2.357e-02    3 desired 9.072e-02    0 +8.990e-05 +2.419e-04    0    13 |    0   1.000e+00 2.357e-02 |
    70 3.167e-01 9.146e+00 | 2.796e-02    2 desired 9.980e-02    0 +2.809e-04 +3.317e-04    0    13 |    2   2.500e-01 6.990e-03 |
    71 3.167e-01 7.317e+00 | 1.741e-02    2 desired 1.098e-01    0 +8.230e-05 +1.357e-04    0    13 |    0   1.000e+00 1.741e-02 |
    72 3.167e-01 8.049e+00 | 1.818e-02    2 desired 1.208e-01    0 +1.199e-04 +1.449e-04    0    13 |    0   1.000e+00 1.818e-02 |
    73 3.167e-01 8.854e+00 | 1.876e-02    2 desired 6.641e-02    1 +4.441e-05 +1.507e-04    0    13 |    0   1.000e+00 1.876e-02 |
    74 3.166e-01 9.739e+00 | 1.966e-02    2 desired 7.306e-02    0 +8.667e-05 +1.608e-04    0    13 |    1   5.000e-01 9.828e-03 |
    75 3.166e-01 7.791e+00 | 1.530e-02    2 desired 8.036e-02    0 +8.490e-05 +1.035e-04    0    13 |    0   1.000e+00 1.530e-02 |
    76 3.166e-01 8.570e+00 | 1.769e-02    2 desired 8.840e-02    0 +9.259e-05 +1.352e-04    0    13 |    0   1.000e+00 1.769e-02 |
    77 3.165e-01 9.427e+00 | 2.409e-02    2 desired 9.724e-02    0 +2.169e-04 +2.440e-04    0    13 |    1   5.000e-01 1.205e-02 |
    78 3.165e-01 7.542e+00 | 1.438e-02    3 desired 1.177e-01    0 +2.049e-05 +9.200e-05    0    13 |    0   1.000e+00 1.438e-02 |
    79 3.164e-01 8.296e+00 | 1.541e-02    2 desired 6.471e-02    1 +2.755e-05 +1.035e-04    0    13 |    0   1.000e+00 1.541e-02 |
 Iters.   Obj.    alphak   |  aoptim   its.   Flag  Stepsize  baks    Gap       tarGap    #pz  #pnz | baks    stepsize  |dtaken| |
    80 3.164e-01 9.126e+00 | 1.807e-02    3 desired 7.830e-02    0 +9.963e-05 +1.387e-04    0    13 |    1   5.000e-01 9.037e-03 |
    81 3.164e-01 7.301e+00 | 1.188e-02    4 desired 1.042e-01    0 +1.951e-05 +6.322e-05    0    13 |    0   1.000e+00 1.188e-02 |
    82 3.164e-01 8.031e+00 | 1.335e-02    4 desired 6.936e-02    1 +1.272e-05 +7.825e-05    0    13 |    0   1.000e+00 1.335e-02 |
    83 3.163e-01 8.834e+00 | 1.501e-02    3 desired 8.392e-02    0 +7.037e-05 +9.658e-05    0    13 |    4   6.250e-02 9.384e-04 |
    84 3.163e-01 7.067e+00 | 1.149e-02    1 desired 8.392e-02    0 +3.940e-05 +5.949e-05    0    13 |    1   5.000e-01 5.743e-03 |
    85 3.163e-01 5.654e+00 | 7.884e-03    4 desired 1.117e-01    0 +2.165e-05 +2.887e-05    0    13 |    0   1.000e+00 7.884e-03 |
    86 3.163e-01 6.219e+00 | 8.373e-03    2 desired 1.229e-01    0 +1.236e-05 +3.224e-05    0    13 |    0   1.000e+00 8.373e-03 |
    87 3.163e-01 6.841e+00 | 8.897e-03    1 desired 1.229e-01    0 +1.484e-05 +3.590e-05    0    13 |    0   1.000e+00 8.897e-03 |
    88 3.163e-01 7.525e+00 | 9.441e-03    1 desired 1.229e-01    0 +9.438e-06 +3.970e-05    0    13 |    0   1.000e+00 9.441e-03 |
    89 3.163e-01 8.277e+00 | 9.974e-03    2 desired 6.758e-02    1 +6.898e-06 +4.335e-05    0    13 |    0   1.000e+00 9.974e-03 |
    90 3.163e-01 9.105e+00 | 1.051e-02    2 desired 7.434e-02    0 +3.454e-05 +4.694e-05    0    13 |    5   3.125e-02 3.285e-04 |
    91 3.163e-01 7.284e+00 | 8.401e-03    1 desired 7.434e-02    0 +6.861e-06 +3.164e-05    0    13 |    0   1.000e+00 8.401e-03 |
    92 3.163e-01 8.013e+00 | 8.890e-03    3 desired 8.995e-02    0 +1.119e-05 +3.471e-05    0    13 |    0   1.000e+00 8.890e-03 |
    93 3.163e-01 8.814e+00 | 9.502e-03    2 desired 9.894e-02    0 +2.734e-05 +3.870e-05    0    13 |    1   5.000e-01 4.751e-03 |
    94 3.163e-01 7.051e+00 | 7.306e-03    2 desired 1.088e-01    0 +2.076e-05 +2.408e-05    0    13 |    1   5.000e-01 3.653e-03 |
    95 3.162e-01 5.641e+00 | 5.737e-03    2 desired 1.197e-01    0 +9.094e-06 +1.529e-05    0    13 |    0   1.000e+00 5.737e-03 |
    96 3.162e-01 6.205e+00 | 6.142e-03    2 desired 1.317e-01    0 +9.199e-06 +1.735e-05    0    13 |    0   1.000e+00 6.142e-03 |
    97 3.162e-01 6.825e+00 | 6.566e-03    2 desired 1.449e-01    0 +8.959e-06 +1.956e-05    0    13 |    0   1.000e+00 6.566e-03 |
    98 3.162e-01 7.508e+00 | 6.963e-03    2 desired 7.967e-02    1 +1.332e-05 +2.161e-05    0    13 |    0   1.000e+00 6.963e-03 |
    99 3.162e-01 8.259e+00 | 7.312e-03    3 desired 9.640e-02    0 +5.912e-06 +2.331e-05    0    13 |    0   1.000e+00 7.312e-03 |
   100 3.162e-01 9.085e+00 | 7.695e-03    2 desired 1.060e-01    0 +2.463e-05 +2.517e-05    0    13 |    4   6.250e-02 4.810e-04 |
   101 3.162e-01 7.268e+00 | 6.135e-03    1 desired 1.060e-01    0 +1.479e-05 +1.688e-05    0    13 |    1   5.000e-01 3.067e-03 |
   102 3.162e-01 5.814e+00 | 4.793e-03    2 desired 1.166e-01    0 +9.568e-06 +1.064e-05    0    13 |    0   1.000e+00 4.793e-03 |
   103 3.162e-01 6.396e+00 | 5.111e-03    1 desired 1.166e-01    0 +7.174e-06 +1.197e-05    0    13 |    0   1.000e+00 5.111e-03 |
   104 3.162e-01 7.035e+00 | 5.446e-03    1 desired 1.166e-01    0 +1.189e-05 +1.338e-05    0    13 |    1   5.000e-01 2.723e-03 |
   105 3.162e-01 5.628e+00 | 4.272e-03    2 desired 1.283e-01    0 +5.305e-06 +8.480e-06    0    13 |    0   1.000e+00 4.272e-03 |
   106 3.162e-01 6.191e+00 | 4.564e-03    2 desired 1.411e-01    0 +2.648e-06 +9.587e-06    0    13 |    0   1.000e+00 4.564e-03 |
   107 3.162e-01 6.810e+00 | 4.856e-03    2 desired 7.763e-02    1 +2.276e-06 +1.070e-05    0    13 |    0   1.000e+00 4.856e-03 |
   108 3.162e-01 7.491e+00 | 5.151e-03    3 desired 9.393e-02    0 +4.853e-06 +1.183e-05    0    13 |    0   1.000e+00 5.151e-03 |
   109 3.162e-01 8.240e+00 | 5.464e-03    2 desired 1.033e-01    0 +1.153e-05 +1.303e-05    0    13 |    1   5.000e-01 2.732e-03 |
   110 3.162e-01 6.592e+00 | 4.256e-03    2 desired 1.137e-01    0 +8.025e-06 +8.263e-06    0    13 |    1   5.000e-01 2.128e-03 |
   111 3.162e-01 5.274e+00 | 3.348e-03    2 desired 1.250e-01    0 +3.883e-06 +5.229e-06    0    13 |    0   1.000e+00 3.348e-03 |
   112 3.162e-01 5.801e+00 | 3.585e-03    2 desired 1.375e-01    0 +2.724e-06 +5.956e-06    0    13 |    0   1.000e+00 3.585e-03 |
   113 3.162e-01 6.381e+00 | 3.823e-03    2 desired 1.513e-01    0 +5.594e-06 +6.698e-06    0    13 |    1   5.000e-01 1.911e-03 |
   114 3.162e-01 5.105e+00 | 3.002e-03    2 desired 1.664e-01    0 +2.757e-06 +4.212e-06    0    13 |    0   1.000e+00 3.002e-03 |
   115 3.162e-01 5.615e+00 | 3.212e-03    2 desired 9.152e-02    1 +3.693e-07 +4.794e-06    0    13 |    0   1.000e+00 3.212e-03 |
   116 3.162e-01 6.177e+00 | 3.429e-03    1 desired 9.152e-02    0 +5.187e-06 +5.412e-06    0    13 |   38   3.638e-12 1.243e-14 |
   117 3.162e-01 4.942e+00 | 2.746e-03    1 desired 9.152e-02    0 +2.313e-06 +3.525e-06    0    13 |    5   3.125e-02 8.580e-05 |
   118 3.162e-01 3.953e+00 | 2.198e-03    1 desired 9.152e-02    0 +1.365e-06 +2.241e-06    0    13 |    0   1.000e+00 2.198e-03 |
   119 3.162e-01 4.349e+00 | 2.366e-03    3 desired 1.107e-01    0 +1.598e-06 +2.615e-06    0    13 |    0   1.000e+00 2.366e-03 |
 Iters.   Obj.    alphak   |  aoptim   its.   Flag  Stepsize  baks    Gap       tarGap    #pz  #pnz | baks    stepsize  |dtaken| |
   120 3.162e-01 4.783e+00 | 2.542e-03    2 desired 1.218e-01    0 +1.529e-06 +3.024e-06    0    13 |    0   1.000e+00 2.542e-03 |
   121 3.162e-01 5.262e+00 | 2.724e-03    2 desired 1.340e-01    0 +1.346e-06 +3.463e-06    0    13 |    0   1.000e+00 2.724e-03 |
   122 3.162e-01 5.788e+00 | 2.913e-03    1 desired 1.340e-01    0 +3.304e-06 +3.932e-06    0    13 |    1   5.000e-01 1.456e-03 |
   123 3.162e-01 4.630e+00 | 2.298e-03    2 desired 1.474e-01    0 +9.746e-07 +2.469e-06    0    13 |    0   1.000e+00 2.298e-03 |
   124 3.162e-01 5.093e+00 | 2.465e-03    1 desired 1.474e-01    0 +2.438e-06 +2.839e-06    0    13 |    1   5.000e-01 1.232e-03 |
   125 3.162e-01 4.075e+00 | 1.948e-03    2 desired 1.621e-01    0 +7.471e-07 +1.765e-06    0    13 |    0   1.000e+00 1.948e-03 |
   126 3.162e-01 4.482e+00 | 2.096e-03    1 desired 1.621e-01    0 +1.986e-06 +2.053e-06    0    13 |    3   1.250e-01 2.620e-04 |
   127 3.162e-01 3.586e+00 | 1.673e-03    1 desired 1.621e-01    0 +8.139e-07 +1.285e-06    0    13 |    0   1.000e+00 1.673e-03 |
   128 3.162e-01 3.944e+00 | 1.805e-03    2 desired 1.784e-01    0 +5.664e-07 +1.512e-06    0    13 |    0   1.000e+00 1.805e-03 |
   129 3.162e-01 4.339e+00 | 1.944e-03    1 desired 1.784e-01    0 +1.698e-06 +1.764e-06    0    13 |    1   5.000e-01 9.719e-04 |
   130 3.162e-01 3.471e+00 | 1.539e-03    2 desired 1.962e-01    0 +4.109e-07 +1.081e-06    0    13 |    0   1.000e+00 1.539e-03 |
   131 3.162e-01 3.818e+00 | 1.661e-03    2 desired 2.158e-01    0 +4.411e-07 +1.276e-06    0    13 |    0   1.000e+00 1.661e-03 |
   132 3.162e-01 4.200e+00 | 1.789e-03    2 desired 2.374e-01    0 +1.442e-06 +1.493e-06    0    13 |   46   1.421e-14 1.388e-17 |
   133 3.162e-01 3.360e+00 | 1.433e-03    2 desired 2.611e-01    0 +5.474e-07 +9.327e-07    0    13 |    0   1.000e+00 1.433e-03 |
   134 3.162e-01 3.696e+00 | 1.548e-03    2 desired 1.436e-01    1 +1.177e-07 +1.104e-06    0    13 |    0   1.000e+00 1.548e-03 |
   135 3.162e-01 4.066e+00 | 1.669e-03    2 desired 1.580e-01    0 +5.695e-07 +1.295e-06    0    13 |    0   1.000e+00 1.669e-03 |
   136 3.162e-01 4.472e+00 | 1.796e-03    2 desired 1.738e-01    0 +4.739e-07 +1.507e-06    0    13 |    0   1.000e+00 1.796e-03 |
   137 3.162e-01 4.919e+00 | 1.928e-03    2 desired 1.912e-01    0 +1.148e-06 +1.738e-06    0    13 |    0   1.000e+00 1.928e-03 |
   138 3.162e-01 5.411e+00 | 2.064e-03    2 desired 1.051e-01    1 +5.687e-07 +1.986e-06    0    13 |    0   1.000e+00 2.064e-03 |
   139 3.162e-01 5.952e+00 | 2.205e-03    2 desired 1.157e-01    0 +9.117e-07 +2.247e-06    0    13 |    0   1.000e+00 2.205e-03 |
   140 3.162e-01 6.548e+00 | 2.348e-03    2 desired 1.272e-01    0 +8.570e-07 +2.518e-06    0    13 |    0   1.000e+00 2.348e-03 |
   141 3.162e-01 7.202e+00 | 2.492e-03    3 desired 7.697e-02    1 +5.122e-07 +2.791e-06    0    13 |    0   1.000e+00 2.492e-03 |
   142 3.161e-01 7.923e+00 | 2.635e-03    2 desired 8.466e-02    0 +1.455e-06 +3.059e-06    0    13 |    1   5.000e-01 1.318e-03 |
   143 3.161e-01 6.338e+00 | 2.069e-03    2 desired 9.313e-02    0 +1.394e-06 +1.964e-06    0    13 |    0   1.000e+00 2.069e-03 |
   144 3.161e-01 6.972e+00 | 2.200e-03    2 desired 1.024e-01    0 +1.074e-06 +2.187e-06    0    13 |    0   1.000e+00 2.200e-03 |
   145 3.161e-01 7.669e+00 | 2.329e-03    2 desired 1.127e-01    0 +1.799e-06 +2.407e-06    0    13 |    1   5.000e-01 1.165e-03 |
   146 3.161e-01 6.135e+00 | 1.829e-03    2 desired 1.240e-01    0 +7.876e-07 +1.541e-06    0    13 |    0   1.000e+00 1.829e-03 |
   147 3.161e-01 6.749e+00 | 1.946e-03    2 desired 1.364e-01    0 +1.299e-06 +1.721e-06    0    13 |    0   1.000e+00 1.946e-03 |
   148 3.161e-01 7.424e+00 | 2.063e-03    2 desired 7.499e-02    1 +4.723e-07 +1.902e-06    0    13 |    0   1.000e+00 2.063e-03 |
   149 3.161e-01 8.166e+00 | 2.179e-03    3 desired 9.074e-02    0 +6.443e-07 +2.077e-06    0    13 |    0   1.000e+00 2.179e-03 |
   150 3.161e-01 8.983e+00 | 2.294e-03    2 desired 9.982e-02    0 +1.050e-06 +2.244e-06    0    13 |    0   1.000e+00 2.294e-03 |
   151 3.161e-01 9.881e+00 | 2.404e-03    2 desired 5.490e-02    1 +8.053e-07 +2.394e-06    0    13 |    0   1.000e+00 2.404e-03 |
   152 3.161e-01 1.087e+01 | 2.513e-03    3 desired 6.643e-02    0 +1.814e-06 +2.533e-06    0    13 |    1   5.000e-01 1.257e-03 |
   153 3.161e-01 8.695e+00 | 1.953e-03    4 desired 8.841e-02    0 +4.988e-07 +1.641e-06    0    13 |    0   1.000e+00 1.953e-03 |
   154 3.161e-01 9.565e+00 | 2.056e-03    4 desired 5.884e-02    1 +3.331e-07 +1.769e-06    0    13 |    0   1.000e+00 2.056e-03 |
   155 3.161e-01 1.052e+01 | 2.161e-03    4 desired 7.832e-02    0 +6.786e-07 +1.895e-06    0    13 |    0   1.000e+00 2.161e-03 |
   156 3.161e-01 1.157e+01 | 2.309e-03    3 desired 4.738e-02    1 +1.119e-06 +2.090e-06    0    13 |    1   5.000e-01 1.155e-03 |
   157 3.161e-01 9.259e+00 | 1.743e-03    6 desired 7.631e-02    0 +6.958e-07 +1.284e-06    0    13 |    0   1.000e+00 1.743e-03 |
   158 3.161e-01 1.018e+01 | 1.848e-03    4 desired 5.078e-02    1 +2.125e-07 +1.401e-06    0    13 |    0   1.000e+00 1.848e-03 |
   159 3.161e-01 1.120e+01 | 2.008e-03    5 desired 7.435e-02    0 +5.274e-07 +1.599e-06    0    13 |    1   5.000e-01 1.004e-03 |
 Iters.   Obj.    alphak   |  aoptim   its.   Flag  Stepsize  baks    Gap       tarGap    #pz  #pnz | baks    stepsize  |dtaken| |
   160 3.161e-01 8.962e+00 | 1.485e-03    5 desired 1.089e-01    0 +8.429e-07 +9.404e-07    0    13 |    2   2.500e-01 3.712e-04 |
   161 3.161e-01 7.170e+00 | 1.163e-03    4 desired 7.244e-02    1 +5.988e-08 +6.080e-07    0    13 |    0   1.000e+00 1.163e-03 |
   162 3.161e-01 7.887e+00 | 1.229e-03    4 desired 9.642e-02    0 +3.376e-07 +6.664e-07    0    13 |    4   6.250e-02 7.684e-05 |
   163 3.161e-01 6.309e+00 | 9.826e-04    1 desired 9.642e-02    0 +3.857e-07 +4.432e-07    0    13 |    2   2.500e-01 2.456e-04 |
   164 3.161e-01 5.048e+00 | 7.802e-04    3 desired 1.167e-01    0 +2.608e-07 +2.846e-07    0    13 |    3   1.250e-01 9.753e-05 |
   165 3.161e-01 4.038e+00 | 6.229e-04    3 desired 1.412e-01    0 +7.918e-08 +1.804e-07    0    13 |    0   1.000e+00 6.229e-04 |
   166 3.161e-01 4.442e+00 | 6.700e-04    3 desired 1.708e-01    0 +9.781e-08 +2.098e-07    0    13 |    0   1.000e+00 6.700e-04 |
   167 3.161e-01 4.886e+00 | 7.194e-04    3 desired 1.033e-01    1 +2.391e-08 +2.421e-07    0    13 |    0   1.000e+00 7.194e-04 |
   168 3.161e-01 5.375e+00 | 7.706e-04    3 desired 1.250e-01    0 +1.267e-07 +2.768e-07    0    13 |    0   1.000e+00 7.706e-04 |
   169 3.161e-01 5.912e+00 | 8.234e-04    2 desired 1.376e-01    0 +2.996e-07 +3.136e-07    0    13 |    2   2.500e-01 2.058e-04 |
   170 3.161e-01 4.730e+00 | 6.547e-04    2 desired 1.513e-01    0 +9.585e-08 +2.005e-07    0    13 |    0   1.000e+00 6.547e-04 |
   171 3.161e-01 5.203e+00 | 7.018e-04    4 desired 1.007e-01    1 +1.577e-08 +2.300e-07    0    13 |    0   1.000e+00 7.018e-04 |
   172 3.161e-01 5.723e+00 | 7.505e-04    3 desired 1.218e-01    0 +1.146e-07 +2.613e-07    0    13 |    1   5.000e-01 3.752e-04 |
   173 3.161e-01 4.578e+00 | 5.923e-04    3 desired 1.474e-01    0 +6.537e-08 +1.641e-07    0    13 |    0   1.000e+00 5.923e-04 |
   174 3.161e-01 5.036e+00 | 6.356e-04    2 desired 1.622e-01    0 +1.839e-07 +1.888e-07    0    13 |    2   2.500e-01 1.589e-04 |
   175 3.161e-01 4.029e+00 | 5.058e-04    2 desired 1.784e-01    0 +6.268e-08 +1.189e-07    0    13 |    0   1.000e+00 5.058e-04 |
   176 3.161e-01 4.432e+00 | 5.444e-04    4 desired 1.187e-01    1 +1.054e-08 +1.385e-07    0    13 |    0   1.000e+00 5.444e-04 |
   177 3.161e-01 4.875e+00 | 5.845e-04    3 desired 1.436e-01    0 +7.436e-08 +1.598e-07    0    13 |    0   1.000e+00 5.845e-04 |
   178 3.161e-01 5.363e+00 | 6.262e-04    4 desired 9.560e-02    1 +9.963e-09 +1.828e-07    0    13 |    0   1.000e+00 6.262e-04 |
   179 3.161e-01 5.899e+00 | 6.690e-04    3 desired 1.157e-01    0 +1.220e-07 +2.071e-07    0    13 |    5   3.125e-02 2.091e-05 |
   180 3.161e-01 4.719e+00 | 5.355e-04    1 desired 1.157e-01    0 +7.224e-08 +1.342e-07    0    13 |    0   1.000e+00 5.355e-04 |
   181 3.161e-01 5.191e+00 | 5.742e-04    3 desired 1.400e-01    0 +7.151e-08 +1.540e-07    0    13 |    0   1.000e+00 5.742e-04 |
   182 3.161e-01 5.710e+00 | 6.141e-04    4 desired 9.315e-02    1 +1.816e-08 +1.750e-07    0    13 |    0   1.000e+00 6.141e-04 |
   183 3.161e-01 6.281e+00 | 6.548e-04    3 desired 1.127e-01    0 +1.031e-07 +1.969e-07    0    13 |    1   5.000e-01 3.274e-04 |
   184 3.161e-01 5.025e+00 | 5.162e-04    3 desired 1.364e-01    0 +5.925e-08 +1.245e-07    0    13 |    0   1.000e+00 5.162e-04 |
   185 3.161e-01 5.527e+00 | 5.525e-04    4 desired 1.815e-01    0 +1.158e-07 +1.420e-07    0    13 |    1   5.000e-01 2.763e-04 |
   186 3.161e-01 4.422e+00 | 4.363e-04    4 desired 1.208e-01    1 +1.107e-08 +8.894e-08    0    13 |    0   1.000e+00 4.363e-04 |
   187 3.161e-01 4.864e+00 | 4.685e-04    3 desired 1.462e-01    0 +5.547e-08 +1.027e-07    0    13 |    0   1.000e+00 4.685e-04 |
   188 3.161e-01 5.350e+00 | 5.019e-04    4 desired 9.727e-02    1 +9.341e-09 +1.175e-07    0    13 |    0   1.000e+00 5.019e-04 |
   189 3.161e-01 5.885e+00 | 5.363e-04    3 desired 1.177e-01    0 +9.120e-08 +1.331e-07    0    13 |    4   6.250e-02 3.352e-05 |
   190 3.161e-01 4.708e+00 | 4.289e-04    1 desired 1.177e-01    0 +7.471e-08 +8.605e-08    0    13 |   28   3.725e-09 1.598e-12 |
   191 3.161e-01 3.767e+00 | 3.435e-04    1 desired 1.177e-01    0 +3.537e-08 +5.449e-08    0    13 |    0   1.000e+00 3.435e-04 |
   192 3.161e-01 4.143e+00 | 3.703e-04    4 desired 1.567e-01    0 +3.116e-08 +6.386e-08    0    13 |    0   1.000e+00 3.703e-04 |
   193 3.161e-01 4.558e+00 | 3.983e-04    3 desired 1.896e-01    0 +6.280e-08 +7.418e-08    0    13 |    0   1.000e+00 3.983e-04 |
   194 3.161e-01 5.013e+00 | 4.274e-04    3 desired 1.147e-01    1 +4.277e-08 +8.539e-08    0    13 |    0   1.000e+00 4.274e-04 |
   195 3.161e-01 5.515e+00 | 4.575e-04    3 desired 1.388e-01    0 +5.197e-08 +9.739e-08    0    13 |    0   1.000e+00 4.575e-04 |
   196 3.161e-01 6.066e+00 | 4.884e-04    3 desired 8.395e-02    1 +2.110e-08 +1.100e-07    0    13 |    0   1.000e+00 4.884e-04 |
   197 3.161e-01 6.673e+00 | 5.198e-04    3 desired 1.016e-01    0 +1.125e-07 +1.230e-07    0    13 |   32   2.328e-10 1.210e-13 |
   198 3.161e-01 5.338e+00 | 4.165e-04    1 desired 1.016e-01    0 +4.548e-08 +8.089e-08    0    13 |    0   1.000e+00 4.165e-04 |
   199 3.161e-01 5.872e+00 | 4.451e-04    3 desired 1.229e-01    0 +6.416e-08 +9.171e-08    0    13 |    0   1.000e+00 4.451e-04 |
 Iters.   Obj.    alphak   |  aoptim   its.   Flag  Stepsize  baks    Gap       tarGap    #pz  #pnz | baks    stepsize  |dtaken| |
   200 3.161e-01 6.459e+00 | 4.743e-04    4 desired 8.180e-02    1 +1.520e-08 +1.029e-07    0    13 |    0   1.000e+00 4.743e-04 |
   201 3.161e-01 7.105e+00 | 5.037e-04    3 desired 9.898e-02    0 +9.374e-08 +1.143e-07    0    13 |    4   6.250e-02 3.148e-05 |
   202 3.161e-01 5.684e+00 | 4.027e-04    2 desired 1.089e-01    0 +3.275e-08 +7.530e-08    0    13 |    0   1.000e+00 4.027e-04 |
   203 3.161e-01 6.253e+00 | 4.296e-04    3 desired 1.317e-01    0 +6.808e-08 +8.480e-08    0    13 |    1   5.000e-01 2.148e-04 |
   204 3.161e-01 5.002e+00 | 3.386e-04    3 desired 1.594e-01    0 +2.262e-08 +5.360e-08    0    13 |    0   1.000e+00 3.386e-04 |
   205 3.161e-01 5.502e+00 | 3.625e-04    3 desired 9.644e-02    1 +2.067e-08 +6.116e-08    0    13 |    0   1.000e+00 3.625e-04 |
   206 3.161e-01 6.053e+00 | 3.870e-04    3 desired 1.167e-01    0 +6.159e-08 +6.910e-08    0    13 |    3   1.250e-01 4.837e-05 |
   207 3.161e-01 4.842e+00 | 3.089e-04    2 desired 1.284e-01    0 +3.245e-08 +4.463e-08    0    13 |    0   1.000e+00 3.089e-04 |
   208 3.161e-01 5.326e+00 | 3.310e-04    3 desired 1.553e-01    0 +4.787e-08 +5.109e-08    0    13 |    0   1.000e+00 3.310e-04 |
   209 3.161e-01 5.859e+00 | 3.537e-04    3 desired 9.397e-02    1 +2.936e-08 +5.791e-08    0    13 |    0   1.000e+00 3.537e-04 |
   210 3.161e-01 6.445e+00 | 3.768e-04    3 desired 1.137e-01    0 +5.451e-08 +6.500e-08    0    13 |    1   5.000e-01 1.884e-04 |
   211 3.161e-01 5.156e+00 | 2.969e-04    3 desired 1.376e-01    0 +2.992e-08 +4.118e-08    0    13 |    0   1.000e+00 2.969e-04 |
   212 3.161e-01 5.671e+00 | 3.176e-04    4 desired 9.156e-02    1 +6.924e-09 +4.684e-08    0    13 |    0   1.000e+00 3.176e-04 |
   213 3.161e-01 6.239e+00 | 3.388e-04    4 desired 1.219e-01    0 +1.660e-08 +5.275e-08    0    13 |    0   1.000e+00 3.388e-04 |
   214 3.161e-01 6.862e+00 | 3.602e-04    3 desired 7.373e-02    1 +1.685e-08 +5.881e-08    0    13 |    0   1.000e+00 3.602e-04 |
   215 3.161e-01 7.549e+00 | 3.817e-04    4 desired 9.813e-02    0 +2.880e-08 +6.486e-08    0    13 |    0   1.000e+00 3.817e-04 |
   216 3.161e-01 8.304e+00 | 4.030e-04    4 desired 6.531e-02    1 +2.422e-08 +7.072e-08    0    13 |    0   1.000e+00 4.030e-04 |
   217 3.161e-01 9.134e+00 | 4.237e-04    4 desired 8.692e-02    0 +2.890e-08 +7.617e-08    0    13 |    0   1.000e+00 4.237e-04 |
   218 3.161e-01 1.005e+01 | 4.434e-04    3 desired 5.259e-02    1 +4.504e-08 +8.102e-08    0    13 |    0   1.000e+00 4.434e-04 |
   219 3.161e-01 1.105e+01 | 4.617e-04    4 desired 7.000e-02    0 +4.750e-08 +8.498e-08    0    13 |    0   1.000e+00 4.617e-04 |
   220 3.161e-01 1.216e+01 | 4.782e-04    3 desired 4.235e-02    1 +4.456e-08 +8.790e-08    0    13 |    0   1.000e+00 4.782e-04 |
   221 3.161e-01 1.337e+01 | 4.924e-04    5 desired 6.200e-02    0 +3.629e-08 +8.955e-08    0    13 |    0   1.000e+00 4.924e-04 |
   222 3.161e-01 1.471e+01 | 5.060e-04    3 desired 3.751e-02    1 +8.751e-08 +9.056e-08    0    13 |    2   2.500e-01 1.265e-04 |
   223 3.161e-01 1.177e+01 | 3.961e-04    6 desired 6.041e-02    0 +4.282e-08 +6.108e-08    0    13 |    0   1.000e+00 3.961e-04 |
   224 3.161e-01 1.295e+01 | 4.086e-04    4 desired 4.020e-02    1 +3.002e-08 +6.253e-08    0    13 |    0   1.000e+00 4.086e-04 |
   225 3.161e-01 1.424e+01 | 4.191e-04    4 desired 5.351e-02    0 +5.905e-08 +6.308e-08    0    13 |    2   2.500e-01 1.048e-04 |
   226 3.161e-01 1.139e+01 | 3.299e-04    4 desired 7.122e-02    0 +2.579e-08 +4.290e-08    0    13 |    0   1.000e+00 3.299e-04 |
   227 3.161e-01 1.253e+01 | 3.410e-04    4 desired 4.309e-02    1 +1.749e-08 +4.415e-08    0    13 |    0   1.000e+00 3.410e-04 |
   228 3.161e-01 1.378e+01 | 3.503e-04    4 desired 5.735e-02    0 +3.501e-08 +4.472e-08    0    13 |    9   1.953e-03 6.841e-07 |
   229 3.161e-01 1.103e+01 | 2.811e-04    1 desired 5.735e-02    0 +1.846e-08 +3.152e-08    0    13 |    0   1.000e+00 2.811e-04 |
   230 3.161e-01 1.213e+01 | 2.912e-04    6 desired 4.618e-02    1 +1.409e-08 +3.263e-08    0    13 |    0   1.000e+00 2.912e-04 |
   231 3.161e-01 1.334e+01 | 3.000e-04    4 desired 6.147e-02    0 +2.704e-08 +3.328e-08    0    13 |    3   1.250e-01 3.750e-05 |
   232 3.161e-01 1.067e+01 | 2.386e-04    4 desired 8.182e-02    0 +1.088e-08 +2.298e-08    0    13 |    0   1.000e+00 2.386e-04 |
   233 3.161e-01 1.174e+01 | 2.477e-04    4 desired 4.950e-02    1 +1.928e-08 +2.392e-08    0    13 |    2   2.500e-01 6.193e-05 |
   234 3.161e-01 9.393e+00 | 1.956e-04    5 desired 7.247e-02    0 +1.272e-08 +1.611e-08    0    13 |    0   1.000e+00 1.956e-04 |
   235 3.161e-01 1.033e+01 | 2.045e-04    5 desired 5.305e-02    1 +9.914e-09 +1.707e-08    0    13 |    0   1.000e+00 2.045e-04 |
   236 3.161e-01 1.137e+01 | 2.126e-04    5 desired 7.768e-02    0 +1.198e-08 +1.784e-08    0    13 |    0   1.000e+00 2.126e-04 |
   237 3.161e-01 1.250e+01 | 2.200e-04    3 desired 4.272e-02    1 +1.768e-08 +1.839e-08    0    13 |    1   5.000e-01 1.100e-04 |
   238 3.161e-01 1.000e+01 | 1.707e-04    7 desired 7.568e-02    0 +6.546e-09 +1.203e-08    0    13 |    0   1.000e+00 1.707e-04 |
   239 3.161e-01 1.100e+01 | 1.780e-04    5 desired 5.037e-02    1 +3.763e-09 +1.265e-08    0    13 |    0   1.000e+00 1.780e-04 |
 Iters.   Obj.    alphak   |  aoptim   its.   Flag  Stepsize  baks    Gap       tarGap    #pz  #pnz | baks    stepsize  |dtaken| |
   240 3.161e-01 1.210e+01 | 1.847e-04    6 desired 8.112e-02    0 +1.264e-08 +1.314e-08    0    13 |    3   1.250e-01 2.309e-05 |
   241 3.161e-01 9.682e+00 | 1.468e-04    5 desired 5.938e-02    1 +3.491e-09 +8.988e-09    0    13 |    0   1.000e+00 1.468e-04 |
   242 3.161e-01 1.065e+01 | 1.536e-04    5 desired 8.694e-02    0 +7.625e-09 +9.527e-09    0    13 |   27   7.451e-09 1.144e-12 |
   243 3.161e-01 8.520e+00 | 1.232e-04    1 desired 8.694e-02    0 +3.904e-09 +6.565e-09    0    13 |    0   1.000e+00 1.232e-04 |
   244 3.161e-01 9.372e+00 | 1.296e-04    5 desired 5.786e-02    1 +5.721e-09 +7.075e-09    0    13 |    1   5.000e-01 6.481e-05 |
   245 3.161e-01 7.498e+00 | 1.009e-04    7 desired 1.025e-01    0 +3.096e-09 +4.538e-09    0    13 |    0   1.000e+00 1.009e-04 |
   246 3.161e-01 8.247e+00 | 1.066e-04    5 desired 6.822e-02    1 +2.943e-09 +4.952e-09    0    13 |    0   1.000e+00 1.066e-04 |
   247 3.161e-01 9.072e+00 | 1.121e-04    5 desired 9.987e-02    0 +3.649e-09 +5.343e-09    0    13 |    0   1.000e+00 1.121e-04 |
   248 3.161e-01 9.979e+00 | 1.174e-04    4 desired 6.042e-02    1 +4.074e-09 +5.691e-09    0    13 |    0   1.000e+00 1.174e-04 |
   249 3.161e-01 1.098e+01 | 1.225e-04    8 desired 5.887e-02    1 +4.735e-09 +5.997e-09    0    13 |    0   1.000e+00 1.225e-04 |
   250 3.161e-01 1.208e+01 | 1.276e-04    6 desired 4.310e-02    1 +4.475e-09 +6.272e-09    0    13 |    0   1.000e+00 1.276e-04 |
   251 3.161e-01 1.328e+01 | 1.351e-04    6 desired 6.941e-02    0 +5.599e-09 +6.765e-09    0    13 |    0   1.000e+00 1.351e-04 |
   252 3.161e-01 1.461e+01 | 1.586e-04    7 desired 5.589e-02    1 +6.798e-09 +8.923e-09    0    13 |    1   5.000e-01 7.929e-05 |
   253 3.161e-01 1.169e+01 | 1.165e-04    7 desired 4.501e-02    1 +4.312e-09 +5.302e-09    0    13 |    0   1.000e+00 1.165e-04 |
   254 3.161e-01 1.286e+01 | 1.548e-04   10 desired 4.824e-02    1 +3.930e-09 +8.998e-09    0    13 |    0   1.000e+00 1.548e-04 |
   255 3.161e-01 1.414e+01 | 2.869e-04    7 desired 3.885e-02    1 +1.972e-08 +2.966e-08    0    13 |    2   2.500e-01 7.173e-05 |
   256 3.161e-01 1.131e+01 | 9.148e-05   10 desired 9.160e-02    0 +2.192e-09 +3.307e-09    0    13 |    0   1.000e+00 9.148e-05 |
   257 3.161e-01 1.245e+01 | 1.084e-04   11 desired 4.909e-02    2 +2.369e-09 +4.473e-09    0    13 |    0   1.000e+00 1.084e-04 |
   258 3.161e-01 1.369e+01 | 1.679e-04    7 desired 3.953e-02    1 +9.815e-09 +1.031e-08    0    13 |    2   2.500e-01 4.199e-05 |
   259 3.161e-01 1.095e+01 | 7.455e-05   10 desired 9.320e-02    0 +1.168e-09 +2.223e-09    0    13 |    0   1.000e+00 7.455e-05 |
   260 3.161e-01 1.205e+01 | 8.305e-05   12 desired 5.494e-02    2 +1.554e-09 +2.661e-09    0    13 |    0   1.000e+00 8.305e-05 |
   261 3.161e-01 1.325e+01 | 1.108e-04    8 desired 4.867e-02    1 +3.878e-09 +4.548e-09    0    13 |    2   2.500e-01 2.769e-05 |
   262 3.161e-01 1.060e+01 | 6.187e-05    8 desired 9.484e-02    0 +1.160e-09 +1.549e-09    0    13 |    0   1.000e+00 6.187e-05 |
   263 3.161e-01 1.166e+01 | 6.678e-05   40 desired 7.571e-02    5 +1.124e-09 +1.742e-09    0    13 |    0   1.000e+00 6.678e-05 |
   264 3.161e-01 1.283e+01 | 8.017e-05    8 desired 6.707e-02    1 +1.701e-09 +2.417e-09    0    13 |    1   5.000e-01 4.009e-05 |
   265 3.161e-01 1.026e+01 | 5.508e-05   10 desired 7.188e-02    1 +8.700e-10 +1.242e-09    0    13 |    0   1.000e+00 5.508e-05 |
   266 3.161e-01 1.129e+01 | 6.547e-05    8 desired 6.367e-02    1 +1.377e-09 +1.696e-09    0    13 |    1   5.000e-01 3.274e-05 |
   267 3.161e-01 9.031e+00 | 4.295e-05   96 desired 9.324e-02   11 +4.576e-10 +7.854e-10    0    13 |    1   5.000e-01 2.147e-05 |
   268 3.161e-01 7.225e+00 | 3.204e-05    9 desired 9.085e-02    1 +3.088e-10 +4.609e-10    0    13 |    0   1.000e+00 3.204e-05 |
   269 3.161e-01 7.948e+00 | 3.387e-05    8 desired 8.047e-02    1 +2.505e-10 +5.049e-10    0    13 |    0   1.000e+00 3.387e-05 |
   270 3.161e-01 8.742e+00 | 3.570e-05   11 desired 9.487e-02    1 +5.452e-10 +5.477e-10    0    13 |    4   6.250e-02 2.232e-06 |
   271 3.161e-01 6.994e+00 | 2.854e-05   18 desired 9.908e-02    2 +2.293e-10 +3.679e-10    0    13 |    0   1.000e+00 2.854e-05 |
   272 3.161e-01 7.693e+00 | 3.021e-05    7 desired 7.978e-02    1 +2.739e-10 +4.045e-10    0    13 |    0   1.000e+00 3.021e-05 |
   273 3.161e-01 8.463e+00 | 3.187e-05   21 desired 1.109e-01    2 +4.226e-10 +4.403e-10    0    13 |    1   5.000e-01 1.594e-05 |
   274 3.161e-01 6.770e+00 | 2.496e-05    8 desired 9.823e-02    1 +1.775e-10 +2.831e-10    0    13 |    0   1.000e+00 2.496e-05 |
   275 3.161e-01 7.447e+00 | 2.647e-05   10 desired 1.053e-01    1 +1.934e-10 +3.127e-10    0    13 |    0   1.000e+00 2.647e-05 |
   276 3.161e-01 8.192e+00 | 2.796e-05    6 desired 7.707e-02    1 +2.838e-10 +3.415e-10    0    13 |    0   1.000e+00 2.796e-05 |
   277 3.161e-01 9.011e+00 | 2.941e-05   12 desired 9.995e-02    1 +2.617e-10 +3.686e-10    0    13 |    0   1.000e+00 2.941e-05 |
   278 3.161e-01 9.912e+00 | 3.080e-05    6 desired 7.317e-02    1 +2.698e-10 +3.927e-10    0    13 |    0   1.000e+00 3.080e-05 |
   279 3.161e-01 1.090e+01 | 3.210e-05    8 desired 6.481e-02    1 +2.793e-10 +4.129e-10    0    13 |    0   1.000e+00 3.210e-05 |
 Iters.   Obj.    alphak   |  aoptim   its.   Flag  Stepsize  baks    Gap       tarGap    #pz  #pnz | baks    stepsize  |dtaken| |
   280 3.161e-01 1.199e+01 | 3.327e-05    8 desired 5.741e-02    1 +3.470e-10 +4.278e-10    0    13 |    0   1.000e+00 3.327e-05 |
   281 3.161e-01 1.319e+01 | 3.431e-05    9 desired 5.594e-02    1 +3.531e-10 +4.374e-10    0    13 |    0   1.000e+00 3.431e-05 |
   282 3.161e-01 1.451e+01 | 3.528e-05    9 desired 5.450e-02    1 +4.215e-10 +4.431e-10    0    13 |    0   1.000e+00 3.528e-05 |
   283 3.161e-01 1.596e+01 | 3.728e-05    8 desired 4.828e-02    1 +4.588e-10 +4.725e-10    0    13 |    0   1.000e+00 3.728e-05 |
   284 3.161e-01 1.756e+01 | 4.853e-05   13 desired 6.887e-02    1 +5.980e-10 +7.626e-10    0    13 |    1   5.000e-01 2.427e-05 |
   285 3.161e-01 1.405e+01 | 3.968e-05   11 desired 8.120e-02    1 +5.663e-10 +5.691e-10    0    13 |    1   5.000e-01 1.984e-05 |
   286 3.161e-01 1.124e+01 | 2.693e-05   42 desired 7.844e-02    5 +2.623e-10 +2.873e-10    0    13 |    3   1.250e-01 3.366e-06 |
   287 3.161e-01 8.991e+00 | 1.910e-05   11 desired 9.248e-02    1 +1.343e-10 +1.555e-10    0    13 |    0   1.000e+00 1.910e-05 |
   288 3.161e-01 9.890e+00 | 2.187e-05   22 desired 6.427e-02    3 +1.289e-10 +1.980e-10    0    13 |    0   1.000e+00 2.187e-05 |
   289 3.161e-01 1.088e+01 | 2.803e-05   13 desired 9.169e-02    1 +3.053e-10 +3.150e-10    0    13 |    3   1.250e-01 3.503e-06 |
   290 3.161e-01 8.703e+00 | 1.862e-05    7 desired 7.383e-02    1 +1.228e-10 +1.491e-10    0    13 |    0   1.000e+00 1.862e-05 |
   291 3.161e-01 9.573e+00 | 2.200e-05   14 desired 1.159e-01    1 +1.492e-10 +2.025e-10    0    13 |    1   5.000e-01 1.100e-05 |
   292 3.161e-01 7.659e+00 | 1.246e-05   13 desired 1.653e-01    1 +6.820e-11 +6.886e-11    0    13 |    0   1.000e+00 1.246e-05 |
   293 3.161e-01 8.424e+00 | 1.319e-05   10 desired 8.052e-02    2 +6.146e-11 +7.550e-11    0    13 |    0   1.000e+00 1.319e-05 |
   294 3.161e-01 9.267e+00 | 1.407e-05   12 desired 1.044e-01    1 +7.058e-11 +8.364e-11    0    13 |    0   1.000e+00 1.407e-05 |
   295 3.161e-01 1.019e+01 | 1.544e-05   23 desired 7.983e-02    3 +6.772e-11 +9.774e-11    0    13 |    0   1.000e+00 1.544e-05 |
   296 3.161e-01 1.121e+01 | 1.829e-05   26 desired 8.123e-02    3 +8.805e-11 +1.327e-10    0    13 |    1   5.000e-01 9.147e-06 |
   297 3.161e-01 8.970e+00 | 1.198e-05   14 desired 1.275e-01    1 +5.575e-11 +6.120e-11    0    13 |    0   1.000e+00 1.198e-05 |
   298 3.161e-01 9.867e+00 | 1.304e-05 1256 desired 1.011e-01  152 +6.385e-11 +7.048e-11    0    13 |    0   1.000e+00 1.304e-05 |
   299 3.161e-01 1.085e+01 | 1.524e-05  253 desired 6.619e-02   31 +6.954e-11 +9.323e-11    0    13 |    0   1.000e+00 1.524e-05 |
   300 3.161e-01 1.194e+01 | 2.098e-05   14 desired 1.039e-01    1 +1.529e-10 +1.704e-10    0    13 |    3   1.250e-01 2.623e-06 |
   301 3.161e-01 9.552e+00 | 1.336e-05    8 desired 9.201e-02    1 +6.618e-11 +7.478e-11    0    13 |    0   1.000e+00 1.336e-05 |
   302 3.161e-01 1.051e+01 | 1.729e-05  595 desired 7.882e-02   72 +9.479e-11 +1.214e-10    0    13 |    1   5.000e-01 8.647e-06 |
   303 3.161e-01 8.405e+00 | 9.134e-06 1252 desired 1.034e-01  151 +2.310e-11 +3.621e-11    0    13 |    0   1.000e+00 9.134e-06 |
   304 3.161e-01 9.246e+00 | 1.001e-05  455 desired 9.408e-02   55 +2.784e-11 +4.239e-11    0    13 |    0   1.000e+00 1.001e-05 |
   305 3.161e-01 1.017e+01 | 1.166e-05   90 desired 7.777e-02   11 +3.628e-11 +5.580e-11    0    13 |    1   5.000e-01 5.830e-06 |
   306 3.161e-01 8.136e+00 | 7.388e-06 2545 desired 1.175e-01  307 +2.127e-11 +2.389e-11    0    13 |    0   1.000e+00 7.388e-06 |
   307 3.161e-01 8.950e+00 | 7.844e-06  272 desired 9.716e-02   33 +2.273e-11 +2.626e-11    0    13 |    0   1.000e+00 7.844e-06 |
   308 3.161e-01 9.845e+00 | 8.490e-06  917 desired 7.839e-02  111 +2.269e-11 +2.990e-11    0    13 |    0   1.000e+00 8.490e-06 |
   309 3.161e-01 1.083e+01 | 9.656e-06   15 desired 1.353e-01    1 +3.164e-11 +3.744e-11    0    13 |    1   5.000e-01 4.828e-06 |
   310 3.161e-01 8.664e+00 | 6.612e-06 2925 desired 8.829e-02  354 +1.808e-11 +1.883e-11    0    13 |    0   1.000e+00 6.612e-06 |
   311 3.161e-01 9.530e+00 | 7.052e-06 4212 desired 9.972e-02  509 +1.857e-11 +2.084e-11    0    13 |    0   1.000e+00 7.052e-06 |
   312 3.161e-01 1.048e+01 | 7.766e-06 4011 desired 8.099e-02  485 +1.722e-11 +2.450e-11    0    13 |    0   1.000e+00 7.766e-06 |
   313 3.161e-01 1.153e+01 | 9.351e-06  266 desired 8.317e-02   32 +3.408e-11 +3.431e-11    0    13 |   19   1.907e-06 1.784e-11 |
   314 3.161e-01 9.225e+00 | 7.574e-06    1 desired 8.317e-02    0 +2.119e-11 +2.427e-11    0    13 |    1   5.000e-01 3.787e-06 |
   315 3.161e-01 7.380e+00 | 4.659e-06 5001 correct 2.527e-01  603 +1.233e-09 +9.707e-12    0    13 |   11   4.883e-04 2.275e-09 |
   316 3.161e-01 5.904e+00 | 3.736e-06 5001 correct 1.586e-01  605 +1.181e-10 +6.458e-12    0    13 |
==============================
Exit: Early stoppiong. (2 correction steps cap reached).

Final Results
==============================
Iterations:.................................................................316
CPU seconds:................................................................11.7833
# zero groups:..............................................................0
Objective function:.........................................................3.161381e-01
Optimality error:...........................................................4.107393e-05
Function evaluations:.......................................................668
Gradient evaluations:.......................................................317
