
================================================================================
       Inexact Proximal Gradient Type Method   (version:0.1 (2021-09-17))  
================================================================================
Problem Summary: Excuted at 2021-10-1 21:49
Dataset:.............................................w8a
Data Size:......................................n=49749, p=300
Loss Function:..................................Logistic
Regularizer:....................................Overlapping Group L1
Penalty Parameter:..............................lambda=0.0067
Number of groups:..............................34

Algorithm Parameters:
Termination Conditions: accuracy: 1e-06 | optim scaled: False | time limits:3600.0 | iteration limits:100000
Inexact Strategy: yd: gamma:1.000e-01
Lineserch Parameters: eta:1e-05 | xi:0.5 | beta:1.1
Proximal Stepsize update: heuristic
****************************************************************************************************
 Iters.   Obj.    alphak   |  aoptim   its.   Flag  Stepsize  baks    Gap       tarGap    #pz  #pnz | baks    stepsize  |dtaken| |
     0 6.931e-01 1.000e+00 | 4.553e-01    1 desired 1.000e+00    0 +3.267e-04 +4.399e-02    2    32 |    0   1.000e+00 4.553e-01 |
     1 5.464e-01 1.100e+00 | 2.336e-01    1 desired 1.000e+00    0 +9.434e-05 +1.301e-02    4    30 |    0   1.000e+00 2.336e-01 |
     2 5.061e-01 1.210e+00 | 1.674e-01    1 desired 1.000e+00    0 +2.781e-05 +7.400e-03    5    29 |    0   1.000e+00 1.674e-01 |
     3 4.861e-01 1.331e+00 | 1.349e-01    1 desired 1.000e+00    0 +6.976e-05 +5.261e-03    6    28 |    0   1.000e+00 1.349e-01 |
     4 4.739e-01 1.464e+00 | 1.153e-01    1 desired 1.000e+00    0 +2.235e-04 +4.159e-03    7    27 |    0   1.000e+00 1.153e-01 |
     5 4.659e-01 1.611e+00 | 1.018e-01    1 desired 5.000e-01    1 +4.344e-05 +3.482e-03    8    26 |    0   1.000e+00 1.018e-01 |
     6 4.599e-01 1.772e+00 | 9.237e-02    1 desired 5.000e-01    0 +2.727e-05 +3.047e-03    9    25 |    0   1.000e+00 9.237e-02 |
     7 4.553e-01 1.949e+00 | 8.543e-02    1 desired 5.000e-01    0 +2.141e-05 +2.750e-03   10    24 |    0   1.000e+00 8.543e-02 |
     8 4.518e-01 2.144e+00 | 7.938e-02    1 desired 5.000e-01    0 +2.436e-05 +2.489e-03   11    23 |    0   1.000e+00 7.938e-02 |
     9 4.490e-01 2.358e+00 | 7.607e-02    1 desired 5.000e-01    0 +4.897e-05 +2.379e-03   12    22 |    0   1.000e+00 7.607e-02 |
    10 4.466e-01 2.594e+00 | 7.369e-02    1 desired 2.500e-01    1 +1.766e-05 +2.311e-03   12    22 |    0   1.000e+00 7.369e-02 |
    11 4.446e-01 2.853e+00 | 6.979e-02    1 desired 2.500e-01    0 +9.662e-06 +2.132e-03   13    21 |    0   1.000e+00 6.979e-02 |
    12 4.430e-01 3.138e+00 | 6.987e-02    1 desired 2.500e-01    0 +1.984e-06 +2.187e-03   13    21 |    0   1.000e+00 6.987e-02 |
    13 4.415e-01 3.452e+00 | 7.111e-02    1 desired 2.500e-01    0 +2.401e-06 +2.307e-03   13    21 |    0   1.000e+00 7.111e-02 |
    14 4.401e-01 3.797e+00 | 7.029e-02    1 desired 2.500e-01    0 +6.888e-07 +2.284e-03   14    20 |    0   1.000e+00 7.029e-02 |
    15 4.388e-01 4.177e+00 | 7.186e-02    1 desired 2.500e-01    0 +7.724e-07 +2.406e-03   14    20 |    0   1.000e+00 7.186e-02 |
    16 4.375e-01 4.595e+00 | 7.178e-02    1 desired 2.500e-01    0 +9.469e-07 +2.410e-03   15    19 |    0   1.000e+00 7.178e-02 |
    17 4.364e-01 5.054e+00 | 7.229e-02    1 desired 2.500e-01    0 +3.191e-06 +2.442e-03   15    19 |    0   1.000e+00 7.229e-02 |
    18 4.354e-01 5.560e+00 | 7.456e-02    1 desired 2.500e-01    0 +5.031e-06 +2.585e-03   15    19 |    0   1.000e+00 7.456e-02 |
    19 4.344e-01 6.116e+00 | 7.666e-02    1 desired 1.250e-01    1 +5.425e-06 +2.708e-03   16    18 |    0   1.000e+00 7.666e-02 |
    20 4.335e-01 6.727e+00 | 7.654e-02    1 desired 1.250e-01    0 +3.197e-06 +2.664e-03   16    18 |    0   1.000e+00 7.654e-02 |
    21 4.327e-01 7.400e+00 | 7.602e-02    1 desired 1.250e-01    0 +2.520e-06 +2.583e-03   17    17 |    0   1.000e+00 7.602e-02 |
    22 4.319e-01 8.140e+00 | 7.719e-02    1 desired 1.250e-01    0 +3.857e-06 +2.607e-03   17    17 |    0   1.000e+00 7.719e-02 |
    23 4.312e-01 8.954e+00 | 7.414e-02    1 desired 1.250e-01    0 +4.744e-06 +2.346e-03   20    14 |    0   1.000e+00 7.414e-02 |
    24 4.306e-01 9.850e+00 | 6.734e-02    1 desired 1.250e-01    0 +2.065e-05 +1.881e-03   20    14 |    0   1.000e+00 6.734e-02 |
    25 4.301e-01 1.083e+01 | 5.777e-02    1 desired 6.250e-02    1 +4.001e-06 +1.340e-03   23    11 |    0   1.000e+00 5.777e-02 |
    26 4.298e-01 1.192e+01 | 4.976e-02    1 desired 6.250e-02    0 +3.871e-06 +9.595e-04   23    11 |    0   1.000e+00 4.976e-02 |
    27 4.296e-01 1.311e+01 | 4.571e-02    1 desired 6.250e-02    0 +8.307e-07 +7.784e-04   23    11 |    0   1.000e+00 4.571e-02 |
    28 4.295e-01 1.442e+01 | 4.320e-02    1 desired 6.250e-02    0 +6.503e-07 +6.662e-04   23    11 |    0   1.000e+00 4.320e-02 |
    29 4.294e-01 1.586e+01 | 4.060e-02    1 desired 6.250e-02    0 +3.997e-07 +5.622e-04   23    11 |    0   1.000e+00 4.060e-02 |
    30 4.293e-01 1.745e+01 | 3.768e-02    1 desired 6.250e-02    0 +6.167e-07 +4.613e-04   23    11 |    0   1.000e+00 3.768e-02 |
    31 4.292e-01 1.919e+01 | 3.445e-02    1 desired 6.250e-02    0 +6.299e-07 +3.661e-04   23    11 |    0   1.000e+00 3.445e-02 |
    32 4.291e-01 2.111e+01 | 2.813e-02    1 desired 6.250e-02    0 +1.796e-06 +2.312e-04   24    10 |    0   1.000e+00 2.813e-02 |
    33 4.291e-01 2.323e+01 | 2.381e-02    1 desired 3.125e-02    1 +7.611e-07 +1.564e-04   24    10 |    0   1.000e+00 2.381e-02 |
    34 4.291e-01 2.555e+01 | 2.068e-02    1 desired 3.125e-02    0 +8.675e-07 +1.111e-04   24    10 |    0   1.000e+00 2.068e-02 |
    35 4.291e-01 2.810e+01 | 1.763e-02    1 desired 3.125e-02    0 +8.076e-07 +7.586e-05   24    10 |    0   1.000e+00 1.763e-02 |
    36 4.290e-01 3.091e+01 | 1.459e-02    1 desired 3.125e-02    0 +8.077e-07 +4.872e-05   24    10 |    0   1.000e+00 1.459e-02 |
    37 4.290e-01 3.400e+01 | 1.173e-02    1 desired 3.125e-02    0 +6.666e-07 +2.943e-05   24    10 |    0   1.000e+00 1.173e-02 |
    38 4.290e-01 3.740e+01 | 9.103e-03    1 desired 3.125e-02    0 +7.355e-07 +1.655e-05   24    10 |    0   1.000e+00 9.103e-03 |
    39 4.290e-01 4.114e+01 | 6.983e-03    1 desired 1.562e-02    1 +4.950e-07 +9.073e-06   24    10 |    0   1.000e+00 6.983e-03 |
 Iters.   Obj.    alphak   |  aoptim   its.   Flag  Stepsize  baks    Gap       tarGap    #pz  #pnz | baks    stepsize  |dtaken| |
    40 4.290e-01 4.526e+01 | 5.124e-03    1 desired 1.562e-02    0 +4.480e-07 +4.541e-06   24    10 |    0   1.000e+00 5.124e-03 |
    41 4.290e-01 4.979e+01 | 3.602e-03    1 desired 1.562e-02    0 +3.627e-07 +2.083e-06   24    10 |    0   1.000e+00 3.602e-03 |
    42 4.290e-01 5.476e+01 | 2.684e-03    1 desired 1.562e-02    0 +2.305e-07 +1.072e-06   24    10 |    0   1.000e+00 2.684e-03 |
    43 4.290e-01 6.024e+01 | 3.514e-03    1 desired 1.562e-02    0 +2.841e-07 +1.700e-06   24    10 |    1   5.000e-01 1.757e-03 |
    44 4.290e-01 4.819e+01 | 2.058e-03    1 desired 1.562e-02    0 +1.057e-07 +6.977e-07   24    10 |    0   1.000e+00 2.058e-03 |
    45 4.290e-01 5.301e+01 | 3.209e-03    1 desired 1.562e-02    0 +2.501e-07 +1.572e-06   24    10 |    1   5.000e-01 1.604e-03 |
    46 4.290e-01 4.241e+01 | 1.176e-03    1 desired 1.562e-02    0 +5.681e-08 +2.517e-07   24    10 |    0   1.000e+00 1.176e-03 |
    47 4.290e-01 4.665e+01 | 1.442e-03    1 desired 1.562e-02    0 +7.301e-08 +3.516e-07   24    10 |    1   5.000e-01 7.212e-04 |
    48 4.290e-01 3.732e+01 | 3.355e-04    3 desired 1.891e-02    0 +1.350e-08 +2.251e-08   24    10 |    0   1.000e+00 3.355e-04 |
    49 4.290e-01 4.105e+01 | 3.434e-04    1 desired 1.891e-02    0 +1.085e-08 +2.197e-08   24    10 |    0   1.000e+00 3.434e-04 |
    50 4.290e-01 4.516e+01 | 4.947e-04    1 desired 1.891e-02    0 +7.336e-09 +4.240e-08   24    10 |    0   1.000e+00 4.947e-04 |
    51 4.290e-01 4.967e+01 | 7.796e-04    1 desired 1.891e-02    0 +1.697e-08 +9.775e-08   24    10 |    1   5.000e-01 3.898e-04 |
    52 4.290e-01 3.974e+01 | 3.341e-04    1 desired 1.891e-02    0 +6.434e-09 +2.132e-08   24    10 |    0   1.000e+00 3.341e-04 |
    53 4.290e-01 4.371e+01 | 3.977e-04    1 desired 1.891e-02    0 +8.588e-09 +2.810e-08   24    10 |    1   5.000e-01 1.988e-04 |
    54 4.290e-01 3.497e+01 | 1.541e-04    1 desired 1.891e-02    0 +1.802e-09 +4.982e-09   24    10 |    0   1.000e+00 1.541e-04 |
    55 4.290e-01 3.847e+01 | 1.719e-04    1 desired 1.891e-02    0 +1.065e-09 +5.782e-09   24    10 |    0   1.000e+00 1.719e-04 |
    56 4.290e-01 4.231e+01 | 1.947e-04    1 desired 1.891e-02    0 +6.529e-10 +6.904e-09   24    10 |    0   1.000e+00 1.947e-04 |
    57 4.290e-01 4.654e+01 | 2.725e-04    1 desired 1.891e-02    0 +3.753e-10 +1.257e-08   24    10 |    1   5.000e-01 1.362e-04 |
    58 4.290e-01 3.724e+01 | 1.165e-04    1 desired 1.891e-02    0 +1.353e-10 +2.720e-09   24    10 |    0   1.000e+00 1.165e-04 |
    59 4.290e-01 4.096e+01 | 1.296e-04    1 desired 1.891e-02    0 +5.133e-11 +3.134e-09   24    10 |    0   1.000e+00 1.296e-04 |
    60 4.290e-01 4.506e+01 | 1.634e-04    1 desired 1.891e-02    0 +1.488e-10 +4.632e-09   24    10 |    1   5.000e-01 8.168e-05 |
    61 4.290e-01 3.604e+01 | 6.691e-05    1 desired 1.891e-02    0 +3.350e-11 +9.188e-10   24    10 |    0   1.000e+00 6.691e-05 |
    62 4.290e-01 3.965e+01 | 6.240e-05    1 desired 1.891e-02    0 +4.396e-11 +7.448e-10   24    10 |    0   1.000e+00 6.240e-05 |
    63 4.290e-01 4.361e+01 | 6.283e-05    1 desired 1.891e-02    0 +7.667e-11 +7.026e-10   24    10 |    0   1.000e+00 6.283e-05 |
    64 4.290e-01 4.797e+01 | 7.194e-05    1 desired 1.891e-02    0 +2.002e-10 +8.554e-10   24    10 |    1   5.000e-01 3.597e-05 |
    65 4.290e-01 3.838e+01 | 3.479e-05    1 desired 1.891e-02    0 +5.628e-11 +2.371e-10   24    10 |    1   5.000e-01 1.739e-05 |
    66 4.290e-01 3.070e+01 | 1.938e-05    1 desired 1.891e-02    0 +1.467e-11 +8.631e-11   24    10 |    0   1.000e+00 1.938e-05 |
    67 4.290e-01 3.377e+01 | 1.736e-05    1 desired 1.891e-02    0 +1.412e-11 +6.477e-11   24    10 |    0   1.000e+00 1.736e-05 |
    68 4.290e-01 3.715e+01 | 1.593e-05    1 desired 1.891e-02    0 +1.282e-11 +5.091e-11   24    10 |    0   1.000e+00 1.593e-05 |
    69 4.290e-01 4.087e+01 | 1.514e-05    1 desired 1.891e-02    0 +1.157e-11 +4.288e-11   24    10 |    0   1.000e+00 1.514e-05 |
    70 4.290e-01 4.495e+01 | 1.669e-05    1 desired 1.891e-02    0 +1.086e-11 +4.842e-11   24    10 |    1   5.000e-01 8.344e-06 |
    71 4.290e-01 3.596e+01 | 7.858e-06    1 desired 1.891e-02    0 +8.025e-12 +1.269e-11   24    10 |    0   1.000e+00 7.858e-06 |
    72 4.290e-01 3.956e+01 | 7.071e-06    1 desired 1.891e-02    0 +7.177e-12 +9.581e-12   24    10 |    0   1.000e+00 7.071e-06 |
    73 4.290e-01 4.352e+01 | 6.782e-06    1 desired 1.891e-02    0 +5.775e-12 +8.199e-12   24    10 |    0   1.000e+00 6.782e-06 |
    74 4.290e-01 4.787e+01 | 7.410e-06    1 desired 1.891e-02    0 +6.953e-12 +9.093e-12   24    10 |    1   5.000e-01 3.705e-06 |
    75 4.290e-01 3.829e+01 | 3.376e-06    5 desired 2.768e-02    0 +2.225e-12 +2.237e-12   24    10 |    0   1.000e+00 3.376e-06 |
    76 4.290e-01 4.212e+01 | 2.849e-06    7 desired 2.229e-02    1 +1.443e-12 +1.484e-12   24    10 |    0   1.000e+00 2.849e-06 |
    77 4.290e-01 4.633e+01 | 2.129e-06   17 desired 2.116e-02    2 +7.493e-13 +7.700e-13   24    10 |    0   1.000e+00 2.129e-06 |
    78 4.290e-01 5.097e+01 | 1.403e-06   26 desired 2.153e-02    3 +3.085e-13 +3.101e-13   24    10 |    0   1.000e+00 1.403e-06 |
    79 4.290e-01 5.607e+01 | 1.245e-06   10 desired 2.308e-02    1 +2.236e-13 +2.261e-13   24    10 |    0   1.000e+00 1.245e-06 |
 Iters.   Obj.    alphak   |  aoptim   its.   Flag  Stepsize  baks    Gap       tarGap    #pz  #pnz | baks    stepsize  |dtaken| |
    80 4.290e-01 6.167e+01 | 2.088e-06    1 desired 2.308e-02    0 +2.485e-13 +5.884e-13   24    10 |    1   5.000e-01 1.044e-06 |
    81 4.290e-01 4.934e+01 | 1.420e-06    1 desired 2.308e-02    0 +3.077e-13 +3.261e-13   24    10 |    1   5.000e-01 7.101e-07 |
    82 4.290e-01 3.947e+01 | 3.367e-07   50 desired 2.389e-02    6 +2.115e-14 +2.176e-14   24    10 |    0   1.000e+00 3.367e-07 |
    83 4.290e-01 4.342e+01 | 2.230e-07   22 desired 1.661e-02    3 +8.660e-15 +8.880e-15   24    10 |    0   1.000e+00 2.230e-07 |
    84 4.290e-01 4.776e+01 | 2.421e-07    1 desired 1.661e-02    0 +8.604e-15 +9.726e-15   24    10 |    0   1.000e+00 2.421e-07 |
    85 4.290e-01 5.253e+01 | 3.262e-07    1 desired 1.661e-02    0 +8.826e-15 +1.637e-14   24    10 |    1   5.000e-01 1.631e-07 |
    86 4.290e-01 4.203e+01 | 1.199e-07   28 desired 2.045e-02    3 +2.609e-15 +2.633e-15   24    10 |
==============================
Exit: Optimal Solution Found

Final Results
==============================
Iterations:.................................................................86
CPU seconds:................................................................0.5992
# zero groups:..............................................................24
Objective function:.........................................................4.290289e-01
Optimality error:...........................................................5.882177e-07
Function evaluations:.......................................................101
Gradient evaluations:.......................................................87

================================================================================
       Inexact Proximal Gradient Type Method   (version:0.1 (2021-09-17))  
================================================================================
Problem Summary: Excuted at 2021-10-1 21:49
Dataset:.............................................w8a
Data Size:......................................n=49749, p=300
Loss Function:..................................Logistic
Regularizer:....................................Overlapping Group L1
Penalty Parameter:..............................lambda=0.0067
Number of groups:..............................34

Algorithm Parameters:
Termination Conditions: accuracy: 1e-06 | optim scaled: False | time limits:3600.0 | iteration limits:100000
Inexact Strategy: yd: gamma:1.000e-01
Lineserch Parameters: eta:1e-05 | xi:0.5 | beta:1.1
Proximal Stepsize update: heuristic
****************************************************************************************************
 Iters.   Obj.    alphak   |  aoptim   its.   Flag  Stepsize  baks    Gap       tarGap    #pz  #pnz | baks    stepsize  |dtaken| |
     0 6.931e-01 1.000e+00 | 4.553e-01    1 desired 1.000e+00    0 +3.552e-04 +4.399e-02    0    34 |    0   1.000e+00 4.553e-01 |
     1 5.465e-01 1.100e+00 | 2.337e-01    1 desired 1.000e+00    0 +2.454e-04 +1.302e-02    0    34 |    0   1.000e+00 2.337e-01 |
     2 5.063e-01 1.210e+00 | 1.679e-01    1 desired 1.000e+00    0 +5.255e-04 +7.442e-03    0    34 |    0   1.000e+00 1.679e-01 |
     3 4.865e-01 1.331e+00 | 1.399e-01    1 desired 1.000e+00    0 +2.499e-03 +5.654e-03    0    34 |    0   1.000e+00 1.399e-01 |
     4 4.756e-01 1.464e+00 | 1.152e-01    2 desired 5.500e-01    1 +2.191e-03 +4.157e-03    0    34 |    0   1.000e+00 1.152e-01 |
     5 4.679e-01 1.611e+00 | 1.163e-01    1 desired 5.500e-01    0 +2.935e-03 +4.539e-03    0    34 |    0   1.000e+00 1.163e-01 |
     6 4.619e-01 1.772e+00 | 9.491e-02    2 desired 3.025e-01    1 +3.690e-04 +3.216e-03    0    34 |    0   1.000e+00 9.491e-02 |
     7 4.558e-01 1.949e+00 | 8.600e-02    1 desired 3.025e-01    0 +5.045e-04 +2.787e-03    0    34 |    0   1.000e+00 8.600e-02 |
     8 4.523e-01 2.144e+00 | 8.015e-02    1 desired 3.025e-01    0 +5.683e-04 +2.537e-03    0    34 |    0   1.000e+00 8.015e-02 |
     9 4.495e-01 2.358e+00 | 7.641e-02    1 desired 3.025e-01    0 +5.037e-04 +2.401e-03    0    34 |    0   1.000e+00 7.641e-02 |
    10 4.471e-01 2.594e+00 | 7.402e-02    1 desired 3.025e-01    0 +3.718e-04 +2.331e-03    0    34 |    0   1.000e+00 7.402e-02 |
    11 4.450e-01 2.853e+00 | 7.032e-02    1 desired 3.025e-01    0 +5.494e-04 +2.165e-03    0    34 |    0   1.000e+00 7.032e-02 |
    12 4.435e-01 3.138e+00 | 7.205e-02    1 desired 3.025e-01    0 +1.045e-03 +2.326e-03    0    34 |    0   1.000e+00 7.205e-02 |
    13 4.424e-01 3.452e+00 | 7.246e-02    1 desired 1.513e-01    1 +1.843e-04 +2.395e-03    0    34 |    0   1.000e+00 7.246e-02 |
    14 4.402e-01 3.797e+00 | 7.133e-02    1 desired 1.513e-01    0 +5.013e-04 +2.351e-03    0    34 |    0   1.000e+00 7.133e-02 |
    15 4.392e-01 4.177e+00 | 7.211e-02    1 desired 1.513e-01    0 +4.891e-04 +2.423e-03    0    34 |    0   1.000e+00 7.211e-02 |
    16 4.380e-01 4.595e+00 | 7.286e-02    1 desired 1.513e-01    0 +4.646e-04 +2.483e-03    0    34 |    0   1.000e+00 7.286e-02 |
    17 4.369e-01 5.054e+00 | 7.274e-02    1 desired 1.513e-01    0 +5.314e-04 +2.473e-03    0    34 |    0   1.000e+00 7.274e-02 |
    18 4.359e-01 5.560e+00 | 7.554e-02    1 desired 1.513e-01    0 +6.484e-04 +2.654e-03    0    34 |    0   1.000e+00 7.554e-02 |
    19 4.351e-01 6.116e+00 | 8.010e-02    1 desired 1.513e-01    0 +1.392e-03 +2.956e-03    0    34 |    0   1.000e+00 8.010e-02 |
    20 4.348e-01 6.727e+00 | 9.767e-02    1 desired 1.513e-01    0 +3.897e-03 +4.338e-03    0    34 |    1   5.000e-01 4.884e-02 |
    21 4.342e-01 5.382e+00 | 5.962e-02    4 desired 1.007e-01    1 +1.936e-04 +1.657e-03    0    34 |    0   1.000e+00 5.962e-02 |
    22 4.326e-01 5.920e+00 | 5.980e-02    1 desired 1.007e-01    0 +2.708e-04 +1.654e-03    0    34 |    0   1.000e+00 5.980e-02 |
    23 4.321e-01 6.512e+00 | 6.168e-02    1 desired 1.007e-01    0 +1.314e-04 +1.738e-03    0    34 |    0   1.000e+00 6.168e-02 |
    24 4.314e-01 7.163e+00 | 6.295e-02    1 desired 1.007e-01    0 +1.755e-04 +1.782e-03    0    34 |    0   1.000e+00 6.295e-02 |
    25 4.309e-01 7.880e+00 | 5.736e-02    1 desired 1.007e-01    0 +5.354e-04 +1.451e-03    0    34 |    0   1.000e+00 5.736e-02 |
    26 4.309e-01 8.668e+00 | 5.702e-02    1 desired 1.007e-01    0 +7.751e-04 +1.400e-03    0    34 |    0   1.000e+00 5.702e-02 |
    27 4.308e-01 9.535e+00 | 4.720e-02    2 desired 5.536e-02    1 +1.603e-04 +9.334e-04    0    34 |    0   1.000e+00 4.720e-02 |
    28 4.299e-01 1.049e+01 | 4.258e-02    1 desired 5.536e-02    0 +5.994e-04 +7.363e-04    0    34 |    5   3.125e-02 1.330e-03 |
    29 4.299e-01 8.390e+00 | 3.373e-02    1 desired 5.536e-02    0 +2.878e-04 +4.941e-04    0    34 |    0   1.000e+00 3.373e-02 |
    30 4.299e-01 9.229e+00 | 3.308e-02    1 desired 5.536e-02    0 +4.569e-04 +4.631e-04    0    34 |   47   7.105e-15 2.544e-16 |
    31 4.299e-01 7.384e+00 | 2.646e-02    1 desired 5.536e-02    0 +2.591e-04 +3.130e-04    0    34 |    0   1.000e+00 2.646e-02 |
    32 4.298e-01 8.122e+00 | 2.668e-02    1 desired 5.536e-02    0 +2.548e-04 +3.116e-04    0    34 |    0   1.000e+00 2.668e-02 |
    33 4.297e-01 8.934e+00 | 2.680e-02    1 desired 5.536e-02    0 +2.019e-04 +3.067e-04    0    34 |    0   1.000e+00 2.680e-02 |
    34 4.296e-01 9.828e+00 | 2.676e-02    1 desired 5.536e-02    0 +1.327e-04 +2.971e-04    0    34 |    0   1.000e+00 2.676e-02 |
    35 4.295e-01 1.081e+01 | 2.652e-02    1 desired 5.536e-02    0 +7.515e-05 +2.826e-04    0    34 |    0   1.000e+00 2.652e-02 |
    36 4.293e-01 1.189e+01 | 2.604e-02    1 desired 5.536e-02    0 +4.439e-05 +2.629e-04    0    34 |    0   1.000e+00 2.604e-02 |
    37 4.293e-01 1.308e+01 | 2.531e-02    1 desired 5.536e-02    0 +3.190e-05 +2.388e-04    0    34 |    0   1.000e+00 2.531e-02 |
    38 4.292e-01 1.439e+01 | 2.431e-02    1 desired 5.536e-02    0 +2.574e-05 +2.112e-04    0    34 |    0   1.000e+00 2.431e-02 |
    39 4.291e-01 1.583e+01 | 2.150e-02    1 desired 5.536e-02    0 +4.414e-05 +1.579e-04    0    34 |    0   1.000e+00 2.150e-02 |
 Iters.   Obj.    alphak   |  aoptim   its.   Flag  Stepsize  baks    Gap       tarGap    #pz  #pnz | baks    stepsize  |dtaken| |
    40 4.291e-01 1.741e+01 | 1.875e-02    1 desired 5.536e-02    0 +4.664e-05 +1.143e-04    0    34 |    0   1.000e+00 1.875e-02 |
    41 4.291e-01 1.915e+01 | 1.709e-02    1 desired 5.536e-02    0 +2.781e-05 +9.023e-05    0    34 |    0   1.000e+00 1.709e-02 |
    42 4.291e-01 2.107e+01 | 1.556e-02    1 desired 5.536e-02    0 +1.917e-05 +7.084e-05    0    34 |    0   1.000e+00 1.556e-02 |
    43 4.291e-01 2.317e+01 | 1.390e-02    2 desired 3.045e-02    1 +5.176e-05 +5.333e-05    0    34 |    4   6.250e-02 8.685e-04 |
    44 4.291e-01 1.854e+01 | 1.100e-02    1 desired 3.045e-02    0 +6.326e-06 +3.808e-05    0    34 |    0   1.000e+00 1.100e-02 |
    45 4.290e-01 2.039e+01 | 1.012e-02    2 desired 3.349e-02    0 +1.371e-05 +3.050e-05    0    34 |    1   5.000e-01 5.058e-03 |
    46 4.290e-01 1.631e+01 | 7.422e-03    1 desired 3.349e-02    0 +1.190e-05 +1.853e-05    0    34 |    1   5.000e-01 3.711e-03 |
    47 4.290e-01 1.305e+01 | 5.528e-03    2 desired 3.684e-02    0 +6.935e-06 +1.141e-05    0    34 |    0   1.000e+00 5.528e-03 |
    48 4.290e-01 1.436e+01 | 5.403e-03    1 desired 3.684e-02    0 +9.124e-06 +1.044e-05    0    34 |    4   6.250e-02 3.377e-04 |
    49 4.290e-01 1.148e+01 | 4.286e-03    1 desired 3.684e-02    0 +5.774e-06 +7.218e-06    0    34 |    0   1.000e+00 4.286e-03 |
    50 4.290e-01 1.263e+01 | 4.236e-03    2 desired 4.053e-02    0 +3.924e-06 +6.790e-06    0    34 |    0   1.000e+00 4.236e-03 |
    51 4.290e-01 1.390e+01 | 4.157e-03    1 desired 4.053e-02    0 +5.569e-06 +6.274e-06    0    34 |   33   1.164e-10 4.839e-13 |
    52 4.290e-01 1.112e+01 | 3.322e-03    1 desired 4.053e-02    0 +3.078e-06 +4.389e-06    0    34 |    0   1.000e+00 3.322e-03 |
    53 4.290e-01 1.223e+01 | 3.296e-03    2 desired 4.458e-02    0 +2.301e-06 +4.167e-06    0    34 |    0   1.000e+00 3.296e-03 |
    54 4.290e-01 1.345e+01 | 3.248e-03    1 desired 4.458e-02    0 +3.818e-06 +3.887e-06    0    34 |   35   2.910e-11 9.455e-14 |
    55 4.290e-01 1.076e+01 | 2.597e-03    1 desired 4.458e-02    0 +1.946e-06 +2.714e-06    0    34 |    0   1.000e+00 2.597e-03 |
    56 4.290e-01 1.184e+01 | 2.587e-03    2 desired 4.904e-02    0 +1.493e-06 +2.601e-06    0    34 |    0   1.000e+00 2.587e-03 |
    57 4.290e-01 1.302e+01 | 2.552e-03    2 desired 5.394e-02    0 +1.232e-06 +2.433e-06    0    34 |    0   1.000e+00 2.552e-03 |
    58 4.290e-01 1.432e+01 | 2.484e-03    3 desired 6.527e-02    0 +8.289e-07 +2.210e-06    0    34 |    0   1.000e+00 2.484e-03 |
    59 4.290e-01 1.576e+01 | 2.400e-03    1 desired 6.527e-02    0 +7.217e-07 +1.972e-06    0    34 |    0   1.000e+00 2.400e-03 |
    60 4.290e-01 1.733e+01 | 2.277e-03    3 desired 3.949e-02    1 +1.373e-06 +1.690e-06    0    34 |    2   2.500e-01 5.692e-04 |
    61 4.290e-01 1.387e+01 | 1.762e-03    1 desired 3.949e-02    0 +7.265e-07 +1.128e-06    0    34 |    0   1.000e+00 1.762e-03 |
    62 4.290e-01 1.525e+01 | 1.711e-03    2 desired 4.344e-02    0 +9.249e-07 +1.018e-06    0    34 |    1   5.000e-01 8.554e-04 |
    63 4.290e-01 1.220e+01 | 1.284e-03    2 desired 4.778e-02    0 +5.717e-07 +6.325e-07    0    34 |    0   1.000e+00 1.284e-03 |
    64 4.290e-01 1.342e+01 | 1.266e-03    2 desired 5.256e-02    0 +5.599e-07 +5.908e-07    0    34 |    0   1.000e+00 1.266e-03 |
    65 4.290e-01 1.476e+01 | 1.230e-03    3 desired 6.360e-02    0 +3.972e-07 +5.346e-07    0    34 |    0   1.000e+00 1.230e-03 |
    66 4.290e-01 1.624e+01 | 1.188e-03    1 desired 6.360e-02    0 +3.554e-07 +4.755e-07    0    34 |    0   1.000e+00 1.188e-03 |
    67 4.290e-01 1.786e+01 | 1.121e-03    9 desired 3.098e-02    2 +5.124e-08 +4.028e-07    0    34 |    0   1.000e+00 1.121e-03 |
    68 4.290e-01 1.965e+01 | 1.051e-03    3 desired 3.749e-02    0 +1.649e-07 +3.360e-07    0    34 |   28   3.725e-09 3.914e-12 |
    69 4.290e-01 1.572e+01 | 8.423e-04    1 desired 3.749e-02    0 +8.624e-08 +2.431e-07    0    34 |    0   1.000e+00 8.423e-04 |
    70 4.290e-01 1.729e+01 | 8.064e-04    3 desired 4.536e-02    0 +1.184e-07 +2.123e-07    0    34 |    0   1.000e+00 8.064e-04 |
    71 4.290e-01 1.902e+01 | 7.575e-04    5 desired 3.321e-02    1 +1.576e-07 +1.779e-07    0    34 |    2   2.500e-01 1.894e-04 |
    72 4.290e-01 1.522e+01 | 5.850e-04    2 desired 3.653e-02    0 +1.134e-07 +1.191e-07    0    34 |    0   1.000e+00 5.850e-04 |
    73 4.290e-01 1.674e+01 | 5.634e-04    3 desired 4.420e-02    0 +7.272e-08 +1.054e-07    0    34 |    0   1.000e+00 5.634e-04 |
    74 4.290e-01 1.841e+01 | 5.322e-04    7 desired 3.559e-02    1 +3.627e-08 +8.941e-08    0    34 |    0   1.000e+00 5.322e-04 |
    75 4.290e-01 2.025e+01 | 4.966e-04    9 desired 3.468e-02    1 +2.989e-08 +7.380e-08    0    34 |    0   1.000e+00 4.966e-04 |
    76 4.290e-01 2.228e+01 | 4.561e-04    9 desired 3.379e-02    1 +2.205e-08 +5.885e-08    0    34 |    0   1.000e+00 4.561e-04 |
    77 4.290e-01 2.451e+01 | 4.114e-04    9 desired 3.292e-02    1 +1.504e-08 +4.515e-08    0    34 |    0   1.000e+00 4.114e-04 |
    78 4.290e-01 2.696e+01 | 3.642e-04    7 desired 2.651e-02    1 +2.385e-08 +3.328e-08    0    34 |   27   7.451e-09 2.714e-12 |
    79 4.290e-01 2.157e+01 | 2.923e-04    1 desired 2.651e-02    0 +1.021e-08 +2.465e-08    0    34 |    0   1.000e+00 2.923e-04 |
 Iters.   Obj.    alphak   |  aoptim   its.   Flag  Stepsize  baks    Gap       tarGap    #pz  #pnz | baks    stepsize  |dtaken| |
    80 4.290e-01 2.372e+01 | 2.679e-04    5 desired 3.882e-02    0 +1.385e-08 +1.954e-08    0    34 |    1   5.000e-01 1.340e-04 |
    81 4.290e-01 1.898e+01 | 1.952e-04    9 desired 3.782e-02    1 +9.965e-09 +1.182e-08    0    34 |    1   5.000e-01 9.759e-05 |
    82 4.290e-01 1.518e+01 | 1.455e-04    4 desired 5.034e-02    0 +4.215e-09 +7.382e-09    0    34 |    0   1.000e+00 1.455e-04 |
    83 4.290e-01 1.670e+01 | 1.408e-04    9 desired 4.905e-02    1 +4.058e-09 +6.586e-09    0    34 |    0   1.000e+00 1.408e-04 |
    84 4.290e-01 1.837e+01 | 1.346e-04    9 desired 4.779e-02    1 +2.776e-09 +5.721e-09    0    34 |    0   1.000e+00 1.346e-04 |
    85 4.290e-01 2.021e+01 | 1.268e-04   13 desired 3.099e-02    2 +1.301e-09 +4.818e-09    0    34 |    0   1.000e+00 1.268e-04 |
    86 4.290e-01 2.223e+01 | 1.178e-04   13 desired 4.421e-02    1 +3.609e-09 +3.929e-09    0    34 |   28   3.725e-09 4.387e-13 |
    87 4.290e-01 1.778e+01 | 9.466e-05    2 desired 4.863e-02    0 +1.357e-09 +2.882e-09    0    34 |    0   1.000e+00 9.466e-05 |
    88 4.290e-01 1.956e+01 | 9.014e-05   15 desired 3.815e-02    2 +7.179e-10 +2.480e-09    0    34 |    0   1.000e+00 9.014e-05 |
    89 4.290e-01 2.152e+01 | 8.452e-05    9 desired 3.718e-02    1 +1.715e-09 +2.063e-09    0    34 |   24   5.960e-08 5.037e-12 |
    90 4.290e-01 1.721e+01 | 6.782e-05    1 desired 3.718e-02    0 +1.004e-09 +1.505e-09    0    34 |    1   5.000e-01 3.391e-05 |
    91 4.290e-01 1.377e+01 | 5.126e-05    5 desired 5.443e-02    0 +7.028e-10 +9.579e-10    0    34 |   34   5.821e-11 3.020e-15 |
    92 4.290e-01 1.102e+01 | 4.111e-05    1 desired 5.443e-02    0 +3.928e-10 +6.746e-10    0    34 |    0   1.000e+00 4.111e-05 |
    93 4.290e-01 1.212e+01 | 4.152e-05   19 desired 6.252e-02    2 +5.406e-10 +6.635e-10    0    34 |    1   5.000e-01 2.076e-05 |
    94 4.290e-01 9.695e+00 | 3.187e-05    5 desired 9.154e-02    0 +1.695e-10 +4.233e-10    0    34 |    0   1.000e+00 3.187e-05 |
    95 4.290e-01 1.066e+01 | 3.248e-05  157 desired 8.182e-02   19 +4.158e-10 +4.259e-10    0    34 |   21   4.768e-07 1.549e-11 |
    96 4.290e-01 8.532e+00 | 2.606e-05    2 desired 9.000e-02    0 +7.592e-11 +2.937e-10    0    34 |    0   1.000e+00 2.606e-05 |
    97 4.290e-01 9.385e+00 | 2.684e-05   11 desired 1.061e-01    1 +2.739e-10 +3.033e-10    0    34 |   28   3.725e-09 9.999e-14 |
    98 4.290e-01 7.508e+00 | 2.153e-05    2 desired 1.167e-01    0 +1.045e-10 +2.066e-10    0    34 |    0   1.000e+00 2.153e-05 |
    99 4.290e-01 8.259e+00 | 2.236e-05   57 desired 9.731e-02    7 +1.638e-10 +2.180e-10    0    34 |    0   1.000e+00 2.236e-05 |
   100 4.290e-01 9.085e+00 | 2.307e-05   91 desired 8.848e-02   11 +2.042e-10 +2.262e-10    0    34 |    0   1.000e+00 2.307e-05 |
   101 4.290e-01 9.993e+00 | 2.366e-05   85 desired 9.991e-02   10 +1.987e-10 +2.310e-10    1    33 |    0   1.000e+00 2.366e-05 |
   102 4.290e-01 1.099e+01 | 2.409e-05   47 desired 7.066e-02    6 +1.609e-10 +2.319e-10    1    33 |    0   1.000e+00 2.409e-05 |
   103 4.290e-01 1.209e+01 | 2.435e-05  205 desired 5.404e-02   25 +8.950e-11 +2.285e-10    1    33 |    0   1.000e+00 2.435e-05 |
   104 4.290e-01 1.330e+01 | 2.441e-05  127 desired 6.484e-02   15 +1.200e-10 +2.207e-10    1    33 |    0   1.000e+00 2.441e-05 |
   105 4.290e-01 1.463e+01 | 2.426e-05  163 desired 4.666e-02   20 +1.822e-10 +2.087e-10    1    33 |   21   4.768e-07 1.157e-11 |
   106 4.290e-01 1.170e+01 | 1.945e-05    1 desired 4.666e-02    0 +3.411e-11 +1.477e-10    0    34 |    0   1.000e+00 1.945e-05 |
   107 4.290e-01 1.288e+01 | 1.965e-05    7 desired 8.267e-02    0 +1.191e-10 +1.450e-10    0    34 |    2   2.500e-01 4.913e-06 |
   108 4.290e-01 1.030e+01 | 1.543e-05 1003 desired 9.113e-02  121 +9.529e-11 +9.731e-11    0    34 |   21   4.768e-07 7.358e-12 |
   109 4.290e-01 8.240e+00 | 1.238e-05    2 desired 1.002e-01    0 +2.585e-11 +6.690e-11    0    34 |    0   1.000e+00 1.238e-05 |
   110 4.290e-01 9.064e+00 | 1.282e-05  273 desired 9.119e-02   33 +5.530e-11 +6.988e-11    0    34 |   18   3.815e-06 4.890e-11 |
   111 4.290e-01 7.251e+00 | 1.028e-05    1 desired 9.119e-02    0 +3.308e-11 +4.739e-11    0    34 |    0   1.000e+00 1.028e-05 |
   112 4.290e-01 7.976e+00 | 1.073e-05  145 desired 1.257e-01   17 +4.276e-11 +5.058e-11    1    33 |    0   1.000e+00 1.073e-05 |
   113 4.290e-01 8.774e+00 | 1.112e-05 1769 desired 1.007e-01  214 +2.873e-11 +5.307e-11    1    33 |    0   1.000e+00 1.112e-05 |
   114 4.290e-01 9.651e+00 | 1.146e-05   25 desired 9.317e-02    3 +3.022e-11 +5.483e-11    0    34 |    0   1.000e+00 1.146e-05 |
   115 4.290e-01 1.062e+01 | 1.174e-05  239 desired 7.771e-02   29 +4.987e-11 +5.573e-11    1    33 |   18   3.815e-06 4.478e-11 |
   116 4.290e-01 8.493e+00 | 9.413e-06    1 desired 7.771e-02    0 +3.169e-11 +3.836e-11    0    34 |    0   1.000e+00 9.413e-06 |
   117 4.290e-01 9.343e+00 | 9.745e-06  217 desired 8.478e-02   26 +2.750e-11 +4.004e-11    0    34 |    0   1.000e+00 9.745e-06 |
   118 4.290e-01 1.028e+01 | 1.001e-05   91 desired 7.709e-02   11 +2.893e-11 +4.098e-11    1    33 |    0   1.000e+00 1.001e-05 |
   119 4.290e-01 1.130e+01 | 1.021e-05  325 desired 8.785e-02   39 +3.513e-11 +4.123e-11    1    33 |    0   1.000e+00 1.021e-05 |
 Iters.   Obj.    alphak   |  aoptim   its.   Flag  Stepsize  baks    Gap       tarGap    #pz  #pnz | baks    stepsize  |dtaken| |
   120 4.290e-01 1.244e+01 | 1.034e-05 2803 desired 6.994e-02  339 +1.906e-11 +4.074e-11    1    33 |    0   1.000e+00 1.034e-05 |
   121 4.290e-01 1.368e+01 | 1.039e-05  181 desired 5.783e-02   22 +2.518e-11 +3.949e-11    1    33 |    0   1.000e+00 1.039e-05 |
   122 4.290e-01 1.505e+01 | 1.035e-05  587 desired 5.084e-02   71 +1.423e-11 +3.748e-11    1    33 |    0   1.000e+00 1.035e-05 |
   123 4.290e-01 1.655e+01 | 1.021e-05  143 desired 5.792e-02   17 +2.492e-11 +3.479e-11    1    33 |   17   7.629e-06 7.788e-11 |
   124 4.290e-01 1.324e+01 | 8.205e-06    2 desired 6.371e-02    0 +8.349e-12 +2.497e-11    0    34 |    0   1.000e+00 8.205e-06 |
   125 4.290e-01 1.456e+01 | 8.225e-06 1813 desired 6.564e-02  219 +1.780e-11 +2.404e-11    0    34 |   27   7.451e-09 6.129e-14 |
   126 4.290e-01 1.165e+01 | 6.609e-06    2 desired 7.221e-02    0 +5.750e-12 +1.707e-11    0    34 |    0   1.000e+00 6.609e-06 |
   127 4.290e-01 1.282e+01 | 6.703e-06 4029 desired 6.737e-02  487 +1.548e-11 +1.690e-11    0    34 |   23   1.192e-07 7.990e-13 |
   128 4.290e-01 1.025e+01 | 5.377e-06    1 desired 6.737e-02    0 +1.070e-11 +1.183e-11    0    34 |    1   5.000e-01 2.689e-06 |
   129 4.290e-01 8.203e+00 | 4.185e-06    6 desired 1.085e-01    0 +4.307e-12 +7.649e-12    0    34 |    2   2.500e-01 1.046e-06 |
   130 4.290e-01 6.562e+00 | 3.314e-06 5001 correct 1.498e-01  604 +1.677e-09 +5.013e-12    0    34 |   25   2.980e-08 9.878e-14 |
   131 4.290e-01 5.250e+00 | 2.659e-06 5001 correct 2.069e-01  604 +4.087e-09 +3.300e-12    0    34 |
==============================
Exit: Early stoppiong. (2 correction steps cap reached).

Final Results
==============================
Iterations:.................................................................131
CPU seconds:................................................................10.9338
# zero groups:..............................................................0
Objective function:.........................................................4.290289e-01
Optimality error:...........................................................2.098251e-04
Function evaluations:.......................................................637
Gradient evaluations:.......................................................132
