              datasetid  iteration         time   gevals         F
            a9a_0.1_0.1      558.0    14.810674    559.0  0.513225
     australian_0.1_0.1       99.0     1.241950    100.0  0.667213
  breast_cancer_0.1_0.1      397.0     4.257797    398.0  0.308645
   colon_cancer_0.1_0.1    26113.0  2441.020074  26114.0  0.322541
           duke_0.1_0.1        inf          inf      inf  0.253027
   german_numer_0.1_0.1      328.0     3.402301    329.0  0.557938
          heart_0.1_0.1     1320.0    20.113092   1321.0  0.640504
         ijcnn1_0.1_0.1      433.0     9.491249    434.0  0.379714
     ionosphere_0.1_0.1      400.0     4.475635    401.0  0.528899
            leu_0.1_0.1        inf          inf      inf  0.255908
      mushrooms_0.1_0.1     2788.0    52.273927   2789.0  0.275824
       phishing_0.1_0.1     7065.0   143.257662   7066.0  0.378693
         splice_0.1_0.1      113.0     1.137200    114.0  0.558178
          sonar_0.1_0.1     3914.0    60.313398   3915.0  0.495929
      svmguide1_0.1_0.1       72.0     0.773318     73.0  0.611728
      svmguide3_0.1_0.1      378.0     3.861561    379.0  0.591125
            w8a_0.1_0.1      933.0    30.689236    934.0  0.413094
            a9a_0.3_0.1      816.0    22.821839    817.0  0.509050
     australian_0.3_0.1      103.0     1.319902    104.0  0.667178
  breast_cancer_0.3_0.1      833.0     9.665227    834.0  0.308081
   colon_cancer_0.3_0.1        inf          inf      inf  0.342065
           duke_0.3_0.1        inf          inf      inf  0.270487
   german_numer_0.3_0.1      640.0     8.238170    641.0  0.549095
          heart_0.3_0.1      781.0    11.552904    782.0  0.652485
         ijcnn1_0.3_0.1      301.0     7.271403    302.0  0.440299
     ionosphere_0.3_0.1      558.0     7.341516    559.0  0.535525
            leu_0.3_0.1        inf          inf      inf  0.264980
      mushrooms_0.3_0.1     5216.0   127.701358   5217.0  0.292419
       phishing_0.3_0.1     5020.0   114.043151   5021.0  0.380468
         splice_0.3_0.1      103.0     1.243993    104.0  0.568281
          sonar_0.3_0.1     6128.0   122.815968   6129.0  0.532877
      svmguide3_0.3_0.1      176.0     1.793497    177.0  0.602320
            w8a_0.3_0.1     1151.0    49.732271   1152.0  0.436480
            a9a_0.5_0.1     1341.0    44.232561   1342.0  0.515341
     australian_0.5_0.1       92.0     1.258601     93.0  0.667203
  breast_cancer_0.5_0.1      442.0     5.452707    443.0  0.311962
   colon_cancer_0.5_0.1        inf          inf      inf  0.340732
           duke_0.5_0.1        inf          inf      inf  0.268463
   german_numer_0.5_0.1      697.0     9.615615    698.0  0.556484
          heart_0.5_0.1     1105.0    18.049426   1106.0  0.649560
         ijcnn1_0.5_0.1      281.0     6.990173    282.0  0.440074
     ionosphere_0.5_0.1      642.0     9.687757    643.0  0.520976
            leu_0.5_0.1        inf          inf      inf  0.256521
      mushrooms_0.5_0.1     3984.0   113.544577   3985.0  0.297735
       phishing_0.5_0.1     5222.0   132.788417   5223.0  0.379189
         splice_0.5_0.1       95.0     1.184943     96.0  0.574116
          sonar_0.5_0.1     4131.0    85.320505   4132.0  0.534946
      svmguide3_0.5_0.1     1394.0    18.637673   1395.0  0.604322
            w8a_0.5_0.1      970.0    50.204851    971.0  0.435340
           a9a_0.1_0.01     6680.0   188.815362   6681.0  0.366359
    australian_0.1_0.01      690.0    10.854753    691.0  0.637055
 breast_cancer_0.1_0.01     3067.0    41.192134   3068.0  0.120152
  colon_cancer_0.1_0.01        inf          inf      inf  0.066759
          duke_0.1_0.01        inf          inf      inf  0.051674
  german_numer_0.1_0.01     1756.0    20.493343   1757.0  0.482899
         heart_0.1_0.01        inf          inf      inf  0.531203
        ijcnn1_0.1_0.01     1892.0    46.360220   1893.0  0.216884
    ionosphere_0.1_0.01     4000.0    59.811981   4001.0  0.352727
           leu_0.1_0.01        inf          inf      inf  0.049121
     mushrooms_0.1_0.01    27725.0   661.031910  27726.0  0.069667
      phishing_0.1_0.01        inf          inf      inf  0.187677
        splice_0.1_0.01      110.0     1.172513    111.0  0.505879
         sonar_0.1_0.01        inf          inf      inf  0.281119
     svmguide1_0.1_0.01      534.0     7.476893    535.0  0.593795
     svmguide3_0.1_0.01    10903.0   182.553830  10904.0  0.514911
           w8a_0.1_0.01     6491.0   265.430257   6492.0  0.225432
           a9a_0.3_0.01     5589.0   183.083842   5590.0  0.366668
    australian_0.3_0.01      691.0    10.789126    692.0  0.636882
 breast_cancer_0.3_0.01     3109.0    43.160227   3110.0  0.119695
  colon_cancer_0.3_0.01        inf          inf      inf  0.073614
          duke_0.3_0.01        inf          inf      inf  0.057348
  german_numer_0.3_0.01     2010.0    30.204062   2011.0  0.482090
         heart_0.3_0.01        inf          inf      inf  0.553285
        ijcnn1_0.3_0.01     1258.0    34.971919   1259.0  0.241651
    ionosphere_0.3_0.01     3415.0    58.135154   3416.0  0.360701
           leu_0.3_0.01        inf          inf      inf  0.054231
     mushrooms_0.3_0.01        inf          inf      inf  0.072264
      phishing_0.3_0.01        inf          inf      inf  0.196481
        splice_0.3_0.01       97.0     1.128830     98.0  0.508762
         sonar_0.3_0.01        inf          inf      inf  0.303008
     svmguide1_0.3_0.01      534.0     7.188827    535.0  0.593795
     svmguide3_0.3_0.01     9446.0   161.872369   9447.0  0.527165
           w8a_0.3_0.01     7587.0   382.559736   7588.0  0.246314
           a9a_0.5_0.01     6866.0   256.169967   6867.0  0.368833
    australian_0.5_0.01      693.0    11.097772    694.0  0.636070
 breast_cancer_0.5_0.01     2615.0    37.619025   2616.0  0.121640
  colon_cancer_0.5_0.01        inf          inf      inf  0.073713
          duke_0.5_0.01        inf          inf      inf  0.059000
  german_numer_0.5_0.01     1997.0    32.087168   1998.0  0.483284
         heart_0.5_0.01        inf          inf      inf  0.551272
        ijcnn1_0.5_0.01     1339.0    35.540911   1340.0  0.242286
    ionosphere_0.5_0.01     4151.0    79.251381   4152.0  0.355765
           leu_0.5_0.01        inf          inf      inf  0.053405
     mushrooms_0.5_0.01        inf          inf      inf  0.074062
      phishing_0.5_0.01        inf          inf      inf  0.197037
        splice_0.5_0.01       94.0     1.232862     95.0  0.510237
         sonar_0.5_0.01        inf          inf      inf  0.303284
     svmguide1_0.5_0.01      534.0     7.323759    535.0  0.593795
     svmguide3_0.5_0.01     6240.0   112.291172   6241.0  0.525766
           w8a_0.5_0.01     6510.0   397.316552   6511.0  0.245185
