              datasetid  iteration         time   gevals         F
            a9a_0.1_0.1      556.0    16.901243    557.0  0.513225
     australian_0.1_0.1       79.0     1.104663     80.0  0.667209
  breast_cancer_0.1_0.1      258.0     4.101329    259.0  0.308645
   colon_cancer_0.1_0.1    26154.0  2121.539607  26155.0  0.322541
           duke_0.1_0.1        inf          inf      inf  0.251609
   german_numer_0.1_0.1      312.0     4.732741    313.0  0.557938
          heart_0.1_0.1     1443.0    24.309461   1444.0  0.640505
         ijcnn1_0.1_0.1      448.0    12.292603    449.0  0.379714
     ionosphere_0.1_0.1      414.0     6.813860    415.0  0.528899
            leu_0.1_0.1        inf          inf      inf  0.255438
      mushrooms_0.1_0.1     2779.0    58.930203   2780.0  0.275824
       phishing_0.1_0.1     7115.0   169.570019   7116.0  0.378693
         splice_0.1_0.1       51.0     0.876790     52.0  0.558178
          sonar_0.1_0.1     3947.0    70.434985   3948.0  0.495929
      svmguide1_0.1_0.1       60.0     0.975864     61.0  0.611728
      svmguide3_0.1_0.1      346.0     5.699160    347.0  0.591125
            w8a_0.1_0.1      906.0    36.451112    907.0  0.413094
            a9a_0.3_0.1      778.0    26.901456    779.0  0.509050
     australian_0.3_0.1       78.0     1.161777     79.0  0.667215
  breast_cancer_0.3_0.1      826.0    13.140013    827.0  0.308081
   colon_cancer_0.3_0.1        inf          inf      inf  0.342054
           duke_0.3_0.1        inf          inf      inf  0.268427
   german_numer_0.3_0.1      618.0    10.818719    619.0  0.549095
          heart_0.3_0.1      908.0    15.154479    909.0  0.652485
         ijcnn1_0.3_0.1      321.0     9.643358    322.0  0.440299
     ionosphere_0.3_0.1      592.0    11.010244    593.0  0.535525
            leu_0.3_0.1        inf          inf      inf  0.263620
      mushrooms_0.3_0.1     5194.0   142.535493   5195.0  0.292419
       phishing_0.3_0.1     5004.0   131.218061   5005.0  0.380468
         splice_0.3_0.1       49.0     0.956285     50.0  0.568281
          sonar_0.3_0.1     6276.0   134.301333   6277.0  0.532877
      svmguide1_0.3_0.1       60.0     0.968086     61.0  0.611728
      svmguide3_0.3_0.1      105.0     1.642851    106.0  0.602320
            w8a_0.3_0.1     1203.0    62.887498   1204.0  0.436480
            a9a_0.5_0.1     1295.0    50.084562   1296.0  0.515341
     australian_0.5_0.1       78.0     1.223853     79.0  0.667213
  breast_cancer_0.5_0.1      427.0     7.320834    428.0  0.311962
   colon_cancer_0.5_0.1        inf          inf      inf  0.340708
           duke_0.5_0.1        inf          inf      inf  0.265902
   german_numer_0.5_0.1      664.0    12.293379    665.0  0.556484
          heart_0.5_0.1     1177.0    20.443007   1178.0  0.649560
         ijcnn1_0.5_0.1      285.0     8.876979    286.0  0.440074
     ionosphere_0.5_0.1      638.0    12.855813    639.0  0.520976
            leu_0.5_0.1        inf          inf      inf  0.255228
      mushrooms_0.5_0.1     3880.0   123.534743   3881.0  0.297735
       phishing_0.5_0.1     5245.0   153.242157   5246.0  0.379189
         splice_0.5_0.1       53.0     1.219555     54.0  0.574116
          sonar_0.5_0.1     4950.0   121.658986   4951.0  0.534946
      svmguide1_0.5_0.1       60.0     0.985737     61.0  0.611728
      svmguide3_0.5_0.1     1371.0    26.096686   1372.0  0.604322
            w8a_0.5_0.1      882.0    56.978377    883.0  0.435340
           a9a_0.1_0.01     6604.0   197.565255   6605.0  0.366359
    australian_0.1_0.01      672.0     9.542446    673.0  0.635920
 breast_cancer_0.1_0.01     3069.0    48.585289   3070.0  0.120152
  colon_cancer_0.1_0.01        inf          inf      inf  0.065794
          duke_0.1_0.01        inf          inf      inf  0.050913
  german_numer_0.1_0.01     1660.0    24.381080   1661.0  0.482899
         heart_0.1_0.01        inf          inf      inf  0.504191
        ijcnn1_0.1_0.01     1894.0    53.608310   1895.0  0.216884
    ionosphere_0.1_0.01     4008.0    67.534334   4009.0  0.352727
           leu_0.1_0.01        inf          inf      inf  0.048669
     mushrooms_0.1_0.01    27918.0   646.373685  27919.0  0.069667
      phishing_0.1_0.01    53812.0  1358.230899  53813.0  0.187676
        splice_0.1_0.01       94.0     1.583142     95.0  0.505879
         sonar_0.1_0.01    90732.0  1788.420260  90733.0  0.280333
     svmguide1_0.1_0.01      448.0     7.665570    449.0  0.593795
     svmguide3_0.1_0.01    10877.0   191.429061  10878.0  0.514911
           w8a_0.1_0.01     6283.0   267.491629   6284.0  0.225432
           a9a_0.3_0.01     5837.0   214.528468   5838.0  0.366668
    australian_0.3_0.01      672.0    10.448449    673.0  0.635922
 breast_cancer_0.3_0.01     3106.0    54.503964   3107.0  0.119695
  colon_cancer_0.3_0.01        inf          inf      inf  0.073175
          duke_0.3_0.01        inf          inf      inf  0.056595
  german_numer_0.3_0.01     1906.0    34.585176   1907.0  0.482090
         heart_0.3_0.01    74292.0  1384.278386  74293.0  0.538244
        ijcnn1_0.3_0.01     1260.0    37.128063   1261.0  0.241651
    ionosphere_0.3_0.01     3420.0    63.379616   3421.0  0.360701
           leu_0.3_0.01        inf          inf      inf  0.053607
     mushrooms_0.3_0.01    32880.0   944.232268  32881.0  0.072264
      phishing_0.3_0.01        inf          inf      inf  0.196469
        splice_0.3_0.01       91.0     1.820084     92.0  0.508762
         sonar_0.3_0.01    73102.0  1719.406811  73103.0  0.302595
     svmguide1_0.3_0.01      448.0     7.630689    449.0  0.593795
     svmguide3_0.3_0.01     9521.0   179.819445   9522.0  0.527165
           w8a_0.3_0.01     7767.0   437.207578   7768.0  0.246314
           a9a_0.5_0.01     6963.0   291.538760   6964.0  0.368833
    australian_0.5_0.01      680.0    10.293723    681.0  0.635956
 breast_cancer_0.5_0.01     2602.0    45.497533   2603.0  0.121640
  colon_cancer_0.5_0.01        inf          inf      inf  0.073125
          duke_0.5_0.01        inf          inf      inf  0.058260
  german_numer_0.5_0.01     1892.0    36.631660   1893.0  0.483284
         heart_0.5_0.01    85868.0  1705.179127  85869.0  0.533699
        ijcnn1_0.5_0.01     1342.0    42.895374   1343.0  0.242286
    ionosphere_0.5_0.01     4162.0    85.994989   4163.0  0.355765
           leu_0.5_0.01        inf          inf      inf  0.052845
     mushrooms_0.5_0.01    46738.0  1601.693516  46739.0  0.074061
      phishing_0.5_0.01        inf          inf      inf  0.197006
        splice_0.5_0.01       91.0     2.004327     92.0  0.510237
         sonar_0.5_0.01    74141.0  1924.049564  74142.0  0.302580
     svmguide1_0.5_0.01      448.0     7.689191    449.0  0.593795
     svmguide3_0.5_0.01     6537.0   135.289145   6538.0  0.525766
           w8a_0.5_0.01     6715.0   442.871822   6716.0  0.245185
