                  datasetid  iteration         time   gevals             F
      abalone_scale_0.1_0.1      352.0     6.648493    353.0  1.405892e+01
      bodyfat_scale_0.1_0.1      184.0     2.688656    185.0  1.348848e-01
             cadata_0.1_0.1       99.0     1.059959    100.0  1.080189e+10
     cpusmall_scale_0.1_0.1      546.0     6.386095    547.0  8.156560e+02
         eunite2001_0.1_0.1       79.0     1.085887     80.0  5.600793e+04
      housing_scale_0.1_0.1      425.0     6.061356    426.0  8.781100e+01
           mg_scale_0.1_0.1       77.0     1.181995     78.0  2.400985e-01
          mpg_scale_0.1_0.1      264.0     3.704096    265.0  1.111006e+02
        pyrim_scale_0.1_0.1      363.0     5.602859    364.0  5.899451e-02
     space_ga_scale_0.1_0.1      327.0     5.086180    328.0  9.151141e-02
     blogData_train_0.1_0.1    14887.0   666.594030  14888.0  6.001374e+02
       UJIIndoorLoc_0.1_0.1      789.0    22.006340    790.0  1.351454e+07
          driftData_0.1_0.1      784.0    24.357692    785.0  1.067072e+04
  YearPredictionMSD_0.1_0.1       75.0    30.716664     76.0  4.096377e+05
    triazines_scale_0.1_0.1      280.0     4.858779    281.0  6.361920e-02
         virusShare_0.1_0.1       95.0     8.850290     96.0  1.215846e-01
      abalone_scale_0.3_0.1      352.0     5.166209    353.0  1.405892e+01
      bodyfat_scale_0.3_0.1      265.0     4.078712    266.0  1.249177e-01
             cadata_0.3_0.1       99.0     1.151989    100.0  1.080189e+10
     cpusmall_scale_0.3_0.1     2226.0    38.588484   2227.0  8.112384e+02
         eunite2001_0.3_0.1      228.0     2.635520    229.0  5.677665e+04
      housing_scale_0.3_0.1      306.0     4.428277    307.0  9.275534e+01
           mg_scale_0.3_0.1       77.0     1.179013     78.0  2.400985e-01
          mpg_scale_0.3_0.1      264.0     3.998022    265.0  1.111006e+02
        pyrim_scale_0.3_0.1      615.0    10.471257    616.0  5.933847e-02
     space_ga_scale_0.3_0.1      327.0     5.154346    328.0  9.151141e-02
     blogData_train_0.3_0.1    15349.0   844.287404  15350.0  5.872614e+02
       UJIIndoorLoc_0.3_0.1     1531.0    67.703416   1532.0  1.276704e+07
          driftData_0.3_0.1     1243.0    43.945810   1244.0  1.095830e+04
  YearPredictionMSD_0.3_0.1       76.0    31.544058     77.0  4.081218e+05
    triazines_scale_0.3_0.1     1521.0    29.159912   1522.0  6.126012e-02
         virusShare_0.3_0.1       79.0     7.976765     80.0  1.234469e-01
      abalone_scale_0.5_0.1       83.0     1.069183     84.0  1.367351e+01
      bodyfat_scale_0.5_0.1      169.0     2.731814    170.0  1.184233e-01
             cadata_0.5_0.1       99.0     1.125295    100.0  1.080680e+10
     cpusmall_scale_0.5_0.1     5547.0    93.783088   5548.0  8.099076e+02
         eunite2001_0.5_0.1     2946.0    43.800227   2947.0  5.615878e+04
      housing_scale_0.5_0.1      372.0     5.788040    373.0  9.024408e+01
           mg_scale_0.5_0.1       73.0     1.170707     74.0  2.493571e-01
          mpg_scale_0.5_0.1      874.0    13.483067    875.0  1.162286e+02
        pyrim_scale_0.5_0.1      818.0    14.776362    819.0  5.569103e-02
     space_ga_scale_0.5_0.1      267.0     4.083610    268.0  7.157194e-02
     blogData_train_0.5_0.1        inf          inf      inf  5.852075e+02
       UJIIndoorLoc_0.5_0.1     1582.0    91.196436   1583.0  1.306919e+07
          driftData_0.5_0.1    39173.0  1707.287554  39174.0  1.046233e+04
  YearPredictionMSD_0.5_0.1       76.0    30.488174     77.0  4.078664e+05
    triazines_scale_0.5_0.1     3088.0    68.391713   3089.0  5.616949e-02
         virusShare_0.5_0.1       69.0     7.511412     70.0  1.234073e-01
     abalone_scale_0.1_0.01     1461.0    25.393896   1462.0  4.624549e+00
     bodyfat_scale_0.1_0.01     1693.0    27.529123   1694.0  2.469812e-02
            cadata_0.1_0.01     2907.0    37.918910   2908.0  4.770311e+09
    cpusmall_scale_0.1_0.01     3128.0    51.056301   3129.0  1.554803e+02
        eunite2001_0.1_0.01      674.0     9.593050    675.0  7.972975e+03
     housing_scale_0.1_0.01      869.0    13.965096    870.0  2.322219e+01
          mg_scale_0.1_0.01       97.0     1.521059     98.0  1.890409e-01
         mpg_scale_0.1_0.01      843.0    13.203751    844.0  4.030008e+01
       pyrim_scale_0.1_0.01     1030.0    17.209079   1031.0  1.110598e-02
    space_ga_scale_0.1_0.01     3448.0    60.705936   3449.0  2.785131e-02
    blogData_train_0.1_0.01        inf          inf      inf  4.855181e+02
      UJIIndoorLoc_0.1_0.01     2488.0    73.524125   2489.0  3.734378e+06
         driftData_0.1_0.01    25078.0   793.823188  25079.0  5.113233e+03
 YearPredictionMSD_0.1_0.01      548.0   172.028126    549.0  6.539200e+04
   triazines_scale_0.1_0.01     2088.0    36.551322   2089.0  1.777191e-02
        virusShare_0.1_0.01     3461.0   246.247994   3462.0  6.204451e-02
     abalone_scale_0.3_0.01     1461.0    23.823312   1462.0  4.624549e+00
     bodyfat_scale_0.3_0.01     2314.0    38.892879   2315.0  2.532968e-02
            cadata_0.3_0.01     2907.0    37.500843   2908.0  4.770311e+09
    cpusmall_scale_0.3_0.01     2528.0    41.374676   2529.0  1.514742e+02
        eunite2001_0.3_0.01     1822.0    26.467921   1823.0  8.316677e+03
     housing_scale_0.3_0.01      929.0    14.535541    930.0  2.504636e+01
          mg_scale_0.3_0.01       97.0     1.497952     98.0  1.890409e-01
         mpg_scale_0.3_0.01      843.0    13.142928    844.0  4.030008e+01
       pyrim_scale_0.3_0.01     2101.0    39.297626   2102.0  1.140609e-02
    space_ga_scale_0.3_0.01     3448.0    60.111902   3449.0  2.785131e-02
    blogData_train_0.3_0.01        inf          inf      inf  4.843897e+02
      UJIIndoorLoc_0.3_0.01     4083.0   179.399773   4084.0  3.653556e+06
         driftData_0.3_0.01    28126.0  1101.745778  28127.0  5.231900e+03
 YearPredictionMSD_0.3_0.01      297.0   124.596672    298.0  6.670583e+04
   triazines_scale_0.3_0.01     3441.0    72.424594   3442.0  1.701065e-02
        virusShare_0.3_0.01     4501.0   455.829371   4502.0  6.025910e-02
     abalone_scale_0.5_0.01     1921.0    33.790620   1922.0  4.677137e+00
     bodyfat_scale_0.5_0.01     1420.0    25.683663   1421.0  2.455589e-02
            cadata_0.5_0.01     1430.0    17.536366   1431.0  4.845936e+09
    cpusmall_scale_0.5_0.01     5429.0    95.180561   5430.0  1.565864e+02
        eunite2001_0.5_0.01     4464.0    70.299752   4465.0  8.130789e+03
     housing_scale_0.5_0.01      995.0    16.621140    996.0  2.505016e+01
          mg_scale_0.5_0.01       97.0     1.600122     98.0  1.900899e-01
         mpg_scale_0.5_0.01     1144.0    18.819065   1145.0  4.098980e+01
       pyrim_scale_0.5_0.01     2124.0    42.460561   2125.0  1.211374e-02
    space_ga_scale_0.5_0.01     5464.0    99.832304   5465.0  2.630858e-02
    blogData_train_0.5_0.01        inf          inf      inf  4.845625e+02
      UJIIndoorLoc_0.5_0.01     7121.0   422.450591   7122.0  3.721361e+06
         driftData_0.5_0.01    32462.0  1280.832896  32463.0  5.184986e+03
 YearPredictionMSD_0.5_0.01      237.0    75.093539    238.0  6.778007e+04
   triazines_scale_0.5_0.01     3336.0    74.010446   3337.0  1.586925e-02
        virusShare_0.5_0.01     3458.0   335.698142   3459.0  6.238679e-02
